$SPEC_ID:
FILENAME# 395-U1554G-2H-1_130cm_SECT12466821_20230628123026_NaI_2.SPE
$SPEC_REM:
DET# 2
TYPE# Sample
LABEL_ID_LIST# 395-U1554G-2H-1
TEXT_ID_LIST# SECT12466821
LENGTH cm# 151.0
OFFSET cm# 130
TRAY# titanium
DETDESC# ASPEC 927, SN 7022362, Version 0927-002, NaI
COMMENTS#
AP# 
IMS 14.0
INSTRUMENT_GROUP# NGR System
$DATE_MEA:
06/28/2023 12:25:19
$MEAS_TIM:
300.000 300.660
$DATA:
0 1023
       0
       0
       0
       0
       0
       0
       0
       0
       0
       1
      23
      28
      24
      17
      26
      12
      18
      15
      23
      20
      27
      32
      40
      18
      29
      36
      38
      40
      50
      47
      46
      42
      51
      43
      41
      28
      42
      28
      37
      37
      40
      29
      30
      36
      30
      36
      46
      35
      42
      44
      34
      36
      41
      47
      42
      29
      32
      38
      43
      30
      32
      39
      42
      36
      39
      40
      35
      45
      36
      32
      33
      39
      53
      44
      25
      39
      44
      37
      38
      43
      47
      47
      45
      50
      47
      57
      44
      44
      29
      41
      36
      29
      41
      27
      25
      31
      33
      22
      27
      33
      35
      26
      29
      20
      28
      32
      28
      30
      30
      18
      30
      31
      35
      22
      19
      31
      30
      28
      32
      28
      28
      41
      35
      28
      25
      32
      22
      19
      22
      12
      16
      20
      17
      14
      16
      12
      19
      15
      18
      15
       9
      20
       6
      11
      14
      12
      17
      11
       9
      12
      10
      11
      16
      17
      12
      10
      16
      15
       8
      15
      10
      18
      10
      13
      12
      15
      12
       6
      13
      14
      15
      13
      12
       7
      10
      17
      13
      12
      13
      17
      14
      13
      13
      11
      12
      15
      21
       7
      16
      16
      10
      18
       9
       7
      14
      14
      17
      14
      10
      18
      19
      21
      25
      10
      14
      26
      14
      15
      23
      16
      16
      15
      13
      22
      15
      10
      10
      12
      13
      12
       6
      12
       6
      15
       7
      12
       9
       7
       8
       7
       6
       9
      10
       8
      10
       6
       9
       8
      10
      12
       9
       9
       5
       7
      13
      14
       6
      11
       6
      12
       8
      11
      10
       9
       6
       4
      13
       8
       6
      11
       8
       5
      16
      10
       5
       1
       7
      14
       7
      11
      10
       9
       3
       7
      10
       9
      10
       7
       8
       4
      10
       9
      10
      11
       8
       5
       4
       7
       9
       3
      10
      10
       5
      11
       7
       8
       9
       4
       6
      10
       8
       7
       9
       9
       5
      14
      12
      14
       6
      13
       9
       8
       6
      12
       7
      10
       6
       9
       5
       8
       9
       7
       8
       7
       8
      10
       9
       6
       9
       3
       7
       4
       4
       7
       8
      11
       5
       8
       6
      10
       7
       3
       5
       8
       9
       5
       5
       2
       5
       4
       5
       5
       6
      10
       9
       6
       4
       7
       1
       4
       7
       6
       5
       5
       4
       5
       7
       4
       3
       7
       6
       9
       5
       9
       5
       6
       6
      10
       4
       5
       4
       7
       6
       8
       4
       4
       4
       7
       7
       9
      10
       7
       5
       1
       1
      11
       5
       4
       7
       4
       4
      10
       3
       6
       5
      10
       2
       5
       4
       7
       4
       6
       5
       5
       2
       7
       6
       4
       3
       3
       5
       3
       6
       3
       8
       1
       5
       2
       5
       3
       3
       1
       1
       4
       1
       6
       4
       4
       5
       4
       5
       6
       5
       4
       8
       3
       5
       8
       5
       4
       9
      10
       7
      10
       5
       7
       8
      10
      11
       7
       8
       8
      13
      10
       9
      12
      11
      12
      20
      13
      12
      12
      23
      15
      16
      15
      14
       9
      12
      17
      14
      12
      15
      11
      16
      10
      19
      12
      11
      14
      10
       9
       7
       7
       9
       4
       6
       2
       4
       8
       8
       8
       1
       6
       7
       5
       2
       2
       3
       0
       0
       4
       3
       7
       1
       2
       1
       5
       0
       2
       3
       3
       3
       3
       3
       2
       3
       4
       2
       2
       1
       7
       1
       3
       1
       2
       0
       1
       1
       0
       1
       2
       2
       1
       4
       4
       1
       2
       1
       3
       4
       4
       5
       1
       5
       2
       3
       2
       2
       5
       4
       0
       7
       6
       2
       3
       2
       1
       3
       3
       1
       0
       2
       4
       1
       2
       1
       7
       2
       1
       1
       5
       2
       5
       5
       0
       2
       0
       2
       2
       1
       3
       0
       1
       2
       5
       1
       0
       3
       3
       0
       2
       1
       0
       2
       2
       2
       2
       1
       2
       1
       0
       3
       1
       2
       0
       1
       0
       1
       0
       3
       0
       1
       1
       1
       1
       0
       0
       1
       0
       0
       0
       0
       1
       1
       0
       0
       1
       2
       1
       1
       0
       0
       3
       0
       0
       0
       0
       0
       0
       1
       3
       0
       2
       0
       1
       0
       1
       1
       1
       0
       2
       0
       1
       0
       2
       0
       0
       1
       1
       1
       3
       0
       0
       1
       0
       0
       3
       1
       0
       0
       1
       2
       2
       2
       1
       1
       3
       1
       2
       0
       2
       0
       2
       2
       1
       2
       1
       1
       0
       1
       0
       1
       1
       0
       3
       1
       2
       1
       1
       2
       1
       1
       2
       0
       1
       2
       0
       2
       1
       1
       2
       2
       3
       1
       0
       0
       3
       1
       0
       1
       2
       0
       1
       1
       0
       1
       3
       1
       0
       1
       1
       1
       1
       0
       0
       1
       0
       0
       0
       0
       1
       3
       0
       1
       1
       1
       0
       0
       0
       1
       1
       0
       0
       0
       0
       0
       1
       0
       0
       1
       0
       0
       1
       0
       1
       1
       0
       0
       0
       0
       1
       0
       0
       2
       0
       2
       1
       1
       0
       0
       2
       1
       0
       1
       0
       0
       3
       1
       1
       0
       1
       0
       0
       0
       0
       0
       0
       0
       0
       0
       0
       0
       1
       0
       1
       3
       2
       1
       0
       2
       1
       0
       0
       2
       1
       2
       0
       2
       1
       2
       2
       1
       4
       3
       2
       0
       1
       1
       2
       2
       2
       1
       1
       1
       1
       2
       1
       2
       0
       0
       0
       2
       1
       0
       0
       1
       2
       2
       0
       0
       1
       2
       1
       3
       1
       1
       1
       1
       4
       1
       1
       2
       0
       0
       1
       0
       1
       2
       0
       0
       0
       0
       2
       0
       1
       1
       1
       0
       1
       0
       0
       0
       1
       1
       0
       0
       0
       0
       1
       1
       1
       1
       0
       1
       0
       0
       0
       1
       0
       0
       0
       1
       1
       1
       1
       0
       1
       0
       0
       0
       0
       0
       1
       0
       0
       0
       0
       0
       0
       1
       1
       0
       0
       0
       0
       0
       0
       1
       0
       0
       1
       0
       0
       0
       0
       1
       0
       0
       0
       1
       2
       0
       1
       1
       0
       0
       0
       0
       1
       0
       1
       0
       0
       0
       2
       0
       0
       0
       0
       0
       0
       0
       1
       0
       0
       0
       0
       0
       1
       0
       0
       0
       0
       0
       1
       0
       1
       1
       2
       0
       0
       0
       0
       0
       1
       0
       0
       0
       0
       0
       0
       0
       0
       0
       1
       0
       1
       0
       0
       0
       0
       0
       0
       0
       0
       0
       0
       0
       0
       0
       0
       0
       0