$SPEC_ID:
FILENAME# 395-U1554G-2H-1_30cm_SECT12466821_20230628123026_NaI_7.SPE
$SPEC_REM:
DET# 7
TYPE# Sample
LABEL_ID_LIST# 395-U1554G-2H-1
TEXT_ID_LIST# SECT12466821
LENGTH cm# 151.0
OFFSET cm# 30
TRAY# titanium
DETDESC# ASPEC 927, SN 19093002, Version 0927-002, NaI
COMMENTS#
AP# 
IMS 14.0
INSTRUMENT_GROUP# NGR System
$DATE_MEA:
06/28/2023 12:25:19
$MEAS_TIM:
300.000 300.340
$DATA:
0 1023
       0
       0
       0
       0
       0
       0
       0
       0
       0
       0
      20
      27
      18
      16
      13
      20
      18
      22
      15
      19
      35
      37
      33
      40
      23
      30
      52
      37
      49
      47
      34
      42
      52
      42
      45
      30
      31
      31
      30
      34
      38
      31
      37
      41
      35
      42
      42
      40
      36
      47
      25
      41
      35
      30
      38
      41
      40
      28
      42
      38
      32
      42
      47
      37
      47
      46
      44
      42
      30
      43
      54
      39
      28
      49
      46
      33
      31
      47
      44
      31
      49
      44
      44
      41
      46
      51
      47
      53
      36
      36
      38
      25
      29
      22
      17
      36
      39
      30
      34
      25
      26
      35
      27
      30
      29
      25
      27
      22
      28
      24
      27
      35
      24
      23
      22
      34
      24
      32
      34
      21
      29
      30
      32
      31
      33
      22
      20
      31
      20
      20
      17
      22
      19
      22
      18
      12
       8
      14
       5
      12
      20
      18
      12
      11
      13
      20
      10
      11
      15
      19
       8
      20
      12
      15
      17
      11
      21
      15
       5
       8
      12
      16
      18
      15
      10
      12
      16
      10
      13
       9
       9
      15
      20
      15
      17
      20
      12
      12
      15
      10
      13
      13
      16
       5
       9
      10
      10
      10
      11
      10
      16
      13
      10
      14
      11
      14
      16
      10
      15
      21
      17
      14
      21
      16
      30
      12
      15
      17
      22
      10
      13
      18
      14
      20
      13
      13
      13
      15
       9
       9
       8
      10
      12
       8
      11
      11
       9
       9
       6
      16
      17
      16
      11
       9
       3
      18
       9
       6
       9
       4
       5
       9
      12
      14
       8
       7
       9
      13
      11
      10
      10
       7
       7
       9
      12
      12
      13
       7
       6
       8
       6
       4
      10
      10
      15
       8
       8
       6
       9
       6
       9
       5
      13
       7
      12
       7
       8
      13
       6
       9
      10
      11
       4
       6
       7
       4
       9
       8
       8
      10
       5
       9
      10
       9
       9
       7
       8
       9
      12
       9
       9
      10
      10
      11
      21
       7
       8
      12
       7
       7
      14
      12
       9
      10
       9
      12
       8
      13
       6
       5
       7
       5
       7
      11
       8
       8
      12
       6
       7
      12
       6
      10
      10
       9
      10
       6
       5
       4
       6
       7
       6
      10
       6
       9
       3
       4
       2
       6
       0
       5
       8
       6
       8
       2
       7
       5
       4
       7
       2
       5
       8
       6
       6
       6
       5
       3
      10
       2
       3
      10
      10
       4
      10
       8
       6
      12
       9
      13
      11
       7
       8
       7
      12
      12
       6
       6
       4
       7
       7
       5
       6
       7
       6
       6
       3
       7
       9
       9
       9
       6
       4
       5
       5
       7
       5
       7
       5
       8
       1
       1
       2
       3
       7
       5
       6
      10
       6
       6
       4
       7
       7
       8
       5
       4
       7
       9
       2
       5
       6
       4
       2
       5
       4
       2
       2
       3
       2
       7
       2
       4
       5
       6
       2
       6
       3
       5
       4
       2
       5
       8
       2
       7
       4
       4
       4
       5
       4
       9
       4
       5
       7
       7
       7
       2
      11
      10
      11
      14
      15
       8
      12
      14
       8
      16
      16
      20
      16
      16
      18
      18
      20
      17
      25
      20
      17
      22
      25
      13
      17
      20
      19
      24
      17
      19
      15
      19
      16
      16
      13
      14
      11
      12
      14
      10
      10
      10
       6
      10
       7
      15
       7
       7
       2
       7
       4
       6
       7
       9
       5
       5
       3
       3
       2
       5
       3
       2
       2
       2
       2
       0
       2
       2
       2
       2
       2
       3
       0
       1
       4
       1
       4
       1
       2
       2
       0
       0
       1
       1
       2
       0
       0
       2
       2
       1
       2
       2
       0
       1
       1
       0
       2
       2
       2
       1
       1
       1
       2
       4
       0
       0
       4
       0
       3
       2
       3
       1
       1
       2
       3
       5
       2
       2
       1
       4
       2
       4
       3
       5
       3
       2
       1
       2
       1
       5
       3
       2
       1
       1
       2
       4
       3
       1
       1
       0
       3
       2
       2
       1
       0
       1
       3
       3
       1
       1
       0
       1
       0
       0
       2
       3
       3
       2
       1
       0
       3
       2
       1
       1
       3
       0
       2
       2
       4
       1
       0
       1
       1
       0
       1
       0
       0
       1
       2
       1
       1
       1
       0
       1
       1
       0
       1
       0
       0
       0
       1
       1
       0
       2
       0
       2
       0
       2
       1
       0
       0
       0
       0
       1
       1
       2
       0
       1
       1
       3
       2
       0
       0
       0
       1
       1
       1
       0
       2
       0
       0
       1
       0
       2
       0
       2
       0
       1
       1
       1
       1
       1
       1
       0
       1
       0
       0
       0
       2
       0
       3
       2
       0
       0
       0
       1
       1
       1
       0
       0
       0
       1
       1
       2
       1
       1
       0
       1
       3
       0
       1
       0
       2
       2
       0
       0
       1
       1
       1
       2
       1
       1
       0
       0
       0
       1
       0
       1
       0
       1
       0
       0
       0
       1
       1
       1
       1
       2
       0
       0
       0
       0
       1
       1
       1
       0
       0
       0
       0
       1
       1
       2
       1
       2
       0
       2
       0
       0
       0
       2
       3
       1
       0
       0
       1
       0
       0
       1
       0
       0
       0
       0
       0
       0
       0
       1
       2
       0
       0
       0
       3
       0
       1
       0
       2
       0
       0
       0
       0
       2
       2
       0
       1
       0
       0
       0
       0
       0
       0
       0
       0
       1
       2
       3
       2
       0
       0
       2
       0
       2
       0
       2
       0
       1
       1
       1
       0
       0
       1
       0
       1
       0
       1
       1
       1
       1
       2
       3
       1
       0
       1
       1
       1
       0
       0
       0
       3
       3
       1
       1
       1
       0
       2
       3
       4
       0
       2
       2
       1
       2
       0
       1
       1
       1
       0
       2
       1
       3
       1
       0
       3
       4
       0
       1
       1
       1
       1
       0
       0
       1
       0
       0
       1
       0
       0
       1
       1
       2
       1
       0
       0
       0
       2
       1
       0
       0
       0
       0
       0
       0
       0
       1
       1
       0
       0
       0
       0
       0
       0
       0
       0
       1
       0
       0
       1
       0
       0
       0
       0
       0
       1
       0
       0
       0
       1
       0
       0
       0
       0
       0
       1
       0
       0
       0
       0
       1
       0
       0
       0
       0
       0
       0
       0
       0
       0
       1
       1
       0
       0
       0
       1
       0
       1
       0
       0
       0
       0
       2
       0
       1
       0
       0
       1
       2
       0
       0
       0
       0
       1
       0
       0
       1
       0
       0
       0
       0
       1
       0
       2
       0
       0
       0
       0
       1
       3
       0
       0
       0
       1
       0
       1
       0
       0
       0
       1
       0
       0
       0
       1
       0
       0
       1
       1
       1
       0
       0
       0
       0
       0
       0
       0
       0
       0
       0
       0
       0
       0
       0
       0
       0