$SPEC_ID:
FILENAME# 395-U1554G-2H-1_0cm_SECT12466821_20230628123026_NaI_8.SPE
$SPEC_REM:
DET# 8
TYPE# Sample
LABEL_ID_LIST# 395-U1554G-2H-1
TEXT_ID_LIST# SECT12466821
LENGTH cm# 151.0
OFFSET cm# 0
TRAY# titanium
DETDESC# ASPEC 927, SN 19093002, Version 0927-002, NaI
COMMENTS#
AP# 
IMS 14.0
INSTRUMENT_GROUP# NGR System
$DATE_MEA:
06/28/2023 12:30:26
$MEAS_TIM:
300.000 300.140
$DATA:
0 1023
       0
       0
       0
       0
       0
       0
       0
       0
       0
       0
      12
      19
      18
      17
      11
      10
      12
      13
      15
      13
      24
      17
      21
      22
      18
      19
      14
      24
      16
      23
      25
      29
      23
      14
      25
      14
      20
      20
      14
      22
      12
      30
      24
      21
      11
      31
      31
      31
      17
      24
      28
      28
      31
      27
      16
      24
      16
      20
      16
      15
      21
      13
      20
      20
      18
      20
      26
      22
      25
      27
      16
      23
      16
      20
      13
      19
      18
      22
      32
      24
      24
      21
      23
      36
      21
      30
      29
      31
      27
      22
      11
      14
      24
      21
      21
      23
      23
      21
      19
      11
      17
      22
      26
      19
      19
      17
      13
      17
      23
      25
      24
      14
      20
      12
      14
      15
      14
      13
      15
      18
      17
      17
      18
      10
      18
      26
      18
      21
      11
      12
      15
      15
      18
       9
       8
      16
      13
       8
       9
      10
       6
      13
      11
      12
      11
       9
      14
       6
       9
      12
       9
       7
       9
       9
      18
       7
       6
       4
       7
       9
      13
      14
      11
      17
       9
       8
       8
       5
       5
      10
      11
       9
       9
       7
      11
      17
      11
       9
      10
       6
       9
       7
      15
       7
      14
       9
       5
       7
       9
      11
       9
      11
       8
      11
       7
       6
      20
      10
      15
       8
      12
      13
      11
       6
      13
       8
      13
       9
      23
      10
       9
       9
      13
      13
       4
       8
      12
       9
       8
       4
       7
       5
       3
       6
       3
       3
       6
       7
       3
       5
       8
      10
       8
       3
       7
       5
      11
       5
       6
      10
       4
       7
       4
       5
       7
       6
       6
      10
       5
       1
       5
       6
       7
       4
       7
       7
       8
       7
       5
       8
       6
       4
       6
       4
       8
       3
       4
       3
       6
       7
       4
       4
       5
       9
       6
       9
       2
       1
       8
       4
       3
       6
       3
       4
       6
       7
       2
       8
       3
       9
       8
       4
       2
       8
       4
       5
       5
       8
       4
       4
       3
       6
      11
       8
       9
      10
       5
       4
      10
       7
       3
       5
       6
       2
       5
       4
       4
       5
       6
       5
       6
       5
       4
       6
       5
       4
       5
       6
       5
       8
       4
       9
       4
       5
       5
       4
       5
       5
       8
       3
       4
       3
       7
      10
       5
       4
       1
       5
       3
       5
       4
       4
       4
       6
       2
       3
       6
       3
       5
       7
       6
       6
       5
       6
       4
       7
       7
       5
       4
       6
       2
       5
       4
       3
       5
       5
       6
       7
       7
       3
       3
       7
       5
       1
       3
       5
       5
       4
       6
       3
       4
       2
       7
       5
       2
       4
       2
       3
       5
       1
       7
       6
       4
       3
       5
       6
       7
       5
       3
       3
       2
       4
       4
       3
       3
       4
       2
       1
       5
       4
       6
       5
       1
       1
       5
       7
       2
       3
       4
       1
       3
       4
       2
       2
       2
       3
       1
       1
       1
       3
       2
       6
       6
       2
       3
       2
       1
       3
       1
       3
       2
       2
       4
       3
       2
       5
       8
       0
       5
       6
       1
       6
       3
      11
      10
       2
      10
       6
       3
       7
       5
      10
      10
       8
      11
       9
      10
      17
      13
      12
       7
      11
      11
       9
      11
       8
      10
      14
      10
      17
      12
      15
      11
       7
       9
      19
       7
       8
       7
       5
       6
       7
       3
       4
       9
       4
       5
       3
       8
       3
       5
       6
       6
       5
       5
       5
       2
       3
       5
       5
       5
       2
       0
       0
       1
       1
       0
       1
       5
       1
       2
       3
       1
       2
       1
       1
       0
       0
       4
       3
       0
       1
       0
       3
       2
       0
       2
       1
       2
       1
       1
       0
       1
       1
       2
       0
       2
       2
       0
       0
       2
       3
       3
       1
       0
       3
       3
       2
       0
       3
       0
       0
       1
       2
       4
       0
       0
       2
       2
       2
       1
       3
       1
       0
       4
       0
       2
       3
       0
       1
       3
       0
       1
       2
       2
       0
       0
       0
       1
       0
       2
       0
       2
       2
       1
       0
       0
       0
       0
       0
       2
       2
       0
       3
       2
       1
       2
       2
       1
       0
       1
       0
       0
       0
       0
       0
       0
       1
       1
       2
       0
       0
       0
       0
       0
       0
       0
       1
       0
       0
       1
       0
       1
       1
       1
       1
       0
       2
       1
       0
       0
       0
       0
       1
       1
       1
       0
       0
       0
       1
       0
       1
       1
       0
       3
       1
       0
       0
       0
       1
       1
       0
       0
       1
       0
       1
       0
       2
       1
       2
       0
       2
       0
       0
       1
       2
       0
       0
       0
       1
       1
       0
       0
       0
       0
       0
       1
       0
       0
       1
       0
       0
       0
       0
       1
       1
       0
       1
       1
       0
       1
       0
       1
       0
       2
       0
       0
       0
       0
       0
       0
       0
       2
       0
       1
       0
       0
       2
       0
       0
       0
       0
       2
       3
       5
       1
       1
       1
       1
       1
       2
       1
       1
       1
       0
       0
       1
       0
       1
       1
       1
       0
       0
       0
       0
       1
       0
       1
       0
       2
       2
       1
       1
       1
       1
       1
       0
       1
       0
       0
       1
       2
       0
       2
       1
       0
       0
       0
       0
       0
       0
       0
       0
       0
       0
       1
       0
       0
       1
       2
       1
       0
       0
       0
       1
       0
       1
       0
       1
       1
       1
       0
       1
       0
       1
       0
       0
       0
       0
       0
       2
       0
       0
       0
       0
       0
       0
       0
       0
       0
       0
       1
       1
       3
       1
       0
       1
       1
       0
       1
       1
       0
       0
       1
       1
       4
       1
       1
       0
       0
       0
       1
       0
       2
       0
       1
       0
       0
       1
       1
       1
       1
       1
       1
       1
       2
       1
       1
       1
       1
       0
       0
       0
       0
       1
       1
       1
       0
       1
       0
       1
       0
       0
       0
       0
       1
       0
       0
       2
       0
       1
       2
       2
       1
       0
       0
       0
       2
       1
       0
       1
       0
       2
       0
       1
       0
       0
       0
       2
       1
       1
       0
       2
       2
       0
       0
       0
       1
       1
       0
       1
       0
       0
       0
       0
       0
       0
       0
       0
       0
       0
       1
       0
       0
       0
       0
       1
       1
       1
       0
       0
       0
       0
       0
       0
       1
       1
       2
       0
       2
       2
       0
       0
       0
       0
       0
       0
       0
       0
       0
       1
       0
       0
       0
       0
       0
       0
       0
       1
       0
       0
       0
       0
       1
       2
       0
       0
       0
       0
       0
       0
       0
       0
       0
       0
       1
       0
       0
       1
       1
       0
       0
       0
       1
       0
       0
       0
       0
       1
       0
       0
       0
       0
       1
       0
       1
       1
       0
       0
       0
       0
       0
       1
       0
       1
       0
       0
       1
       0
       0
       0
       0
       0
       0
       0
       0
       0
       0
       0
       0
       0
       0
       0
       0