$SPEC_ID:
FILENAME# 395-U1554G-2H-1_10cm_SECT12466821_20230628123026_NaI_8.SPE
$SPEC_REM:
DET# 8
TYPE# Sample
LABEL_ID_LIST# 395-U1554G-2H-1
TEXT_ID_LIST# SECT12466821
LENGTH cm# 151.0
OFFSET cm# 10
TRAY# titanium
DETDESC# ASPEC 927, SN 19093002, Version 0927-002, NaI
COMMENTS#
AP# 
IMS 14.0
INSTRUMENT_GROUP# NGR System
$DATE_MEA:
06/28/2023 12:25:19
$MEAS_TIM:
300.000 300.160
$DATA:
0 1023
       0
       0
       0
       0
       0
       0
       0
       0
       0
       0
      22
      21
      16
      15
      13
      18
       8
      17
      12
      22
      20
      32
      27
      20
      26
      19
      30
      22
      27
      21
      30
      36
      42
      24
      26
      28
      30
      23
      25
      29
      26
      38
      37
      37
      36
      47
      38
      49
      40
      46
      34
      32
      37
      31
      34
      43
      39
      33
      34
      23
      36
      31
      42
      35
      37
      33
      34
      36
      20
      36
      37
      42
      26
      32
      30
      24
      35
      39
      41
      35
      40
      29
      36
      45
      46
      36
      35
      46
      33
      38
      27
      33
      24
      19
      35
      24
      25
      20
      24
      31
      33
      33
      27
      35
      29
      22
      32
      14
      23
      30
      24
      21
      18
      29
      23
      21
      32
      30
      16
      27
      25
      30
      25
      38
      25
      23
      24
      22
      20
      20
      21
      10
      19
      14
      13
      10
      19
      23
      15
       6
      17
      18
      18
       9
      11
       7
      16
      10
      10
      16
       9
      15
      14
      18
      12
      15
      16
      13
      15
      16
      14
      19
      14
      13
      15
      14
      11
       6
       8
      13
      13
      11
      11
      19
      21
      12
      12
      11
      11
      11
      10
      14
       5
      15
      15
       9
      11
       9
      10
      20
      16
      11
      21
      14
      10
      14
       7
      17
      19
       9
      16
      15
      19
      17
      21
      15
      15
      18
      14
      18
      11
      15
      11
      18
      12
      16
      17
      10
      12
      13
       5
       6
      13
       7
       7
       9
       9
       8
       9
      10
       7
      13
       3
       7
      10
       4
       8
      11
       8
       3
       9
      12
       5
       9
      10
       8
      13
       8
       5
      10
       7
       9
       9
       9
      14
      10
      11
       8
      10
      10
       7
      12
       7
      10
      15
       3
       6
      10
      10
       5
       4
       8
       6
       7
       4
      12
       5
       7
       6
       7
       4
       5
       9
       9
      11
       7
       3
       7
       6
       7
      10
       6
       4
       7
      11
      10
      10
      16
       7
       5
      12
       6
      12
       6
      12
       7
       6
      12
       8
       6
       7
       7
       7
       2
      16
       8
      11
      13
       1
       5
      10
      12
       7
      10
       1
       8
       8
       5
       7
       4
       4
       6
       8
       8
       6
       4
       6
       8
       4
       7
       5
       9
       6
       5
       2
       7
       8
       5
       4
       9
       7
       5
       8
       4
       4
       2
       3
       7
       6
      12
       3
       3
       4
       8
       8
       1
       6
       2
       9
      11
      12
       7
       8
      12
       9
       5
       5
       4
       3
      10
      13
       6
       6
       4
       5
       7
       8
      12
       5
       3
       7
       9
       7
       6
       4
      10
       6
       4
       6
      10
       2
       8
       6
       4
       3
       8
       4
       2
       4
       4
       3
       4
       2
       6
       4
       2
       6
       2
       3
       3
       5
       3
       5
       5
       5
       3
       1
       5
       6
       3
       2
       3
       2
       5
       5
       2
       4
       2
       0
       3
       7
       5
       2
       3
       4
       3
       6
       4
       3
       4
       8
       4
       4
       2
       9
       4
      10
       5
       4
       6
       8
       7
       7
       6
       3
      12
      12
       8
       5
       7
      11
      12
       9
      12
      12
      16
       9
      10
      11
      14
      20
      12
      10
      24
      20
      18
      13
      16
      22
      11
      15
      14
      17
      20
       8
      11
      11
      14
      13
      11
      18
      13
      14
      11
       4
      10
       8
       7
       5
       2
       9
       4
       7
       4
       6
       4
       2
       0
       3
       1
       4
       3
       6
       3
       3
       3
       2
       5
       3
       3
       1
       2
       2
       3
       2
       6
       2
       0
       2
       0
       2
       0
       1
       0
       2
       0
       0
       1
       3
       3
       2
       2
       2
       2
       2
       2
       2
       2
       0
       0
       2
       0
       0
       4
       2
       2
       2
       0
       2
       0
       1
       1
       3
       3
       2
       4
       1
       1
       2
       3
       2
       0
       5
       3
       1
       3
       2
       4
       2
       3
       6
       3
       2
       3
       3
       0
       2
       0
       2
       4
       4
       3
       1
       1
       2
       1
       0
       2
       3
       0
       1
       4
       3
       1
       1
       1
       0
       3
       0
       1
       1
       0
       4
       3
       2
       0
       1
       1
       2
       2
       0
       1
       0
       1
       0
       1
       0
       2
       1
       0
       1
       2
       1
       1
       0
       1
       1
       1
       0
       0
       2
       0
       2
       0
       2
       0
       1
       1
       0
       1
       1
       0
       0
       2
       2
       0
       0
       0
       3
       1
       0
       0
       1
       2
       0
       1
       0
       1
       0
       2
       2
       1
       1
       0
       0
       0
       0
       0
       1
       0
       2
       1
       1
       1
       0
       0
       1
       0
       0
       2
       0
       1
       1
       2
       0
       1
       1
       0
       1
       1
       1
       1
       1
       0
       1
       1
       2
       1
       1
       1
       1
       3
       1
       0
       2
       0
       0
       1
       1
       3
       0
       3
       4
       0
       0
       0
       0
       1
       2
       0
       0
       0
       0
       1
       2
       2
       0
       1
       1
       1
       1
       4
       1
       1
       1
       1
       2
       1
       0
       1
       0
       0
       1
       0
       0
       0
       1
       0
       0
       0
       0
       0
       0
       0
       0
       0
       0
       0
       0
       2
       0
       0
       0
       1
       0
       0
       1
       1
       1
       1
       0
       1
       1
       0
       0
       2
       0
       1
       0
       0
       0
       0
       1
       1
       0
       0
       1
       1
       0
       1
       0
       0
       0
       0
       0
       0
       2
       1
       2
       0
       3
       0
       0
       0
       2
       2
       0
       0
       1
       0
       0
       1
       2
       1
       1
       0
       1
       1
       1
       0
       2
       0
       3
       0
       0
       2
       1
       0
       0
       5
       2
       1
       1
       1
       0
       0
       1
       2
       2
       2
       0
       1
       1
       2
       1
       0
       2
       1
       0
       2
       0
       1
       0
       0
       0
       1
       1
       1
       1
       0
       0
       3
       0
       1
       0
       1
       1
       1
       2
       0
       0
       2
       2
       0
       0
       1
       0
       0
       0
       0
       0
       0
       2
       1
       1
       1
       0
       0
       1
       1
       1
       1
       0
       0
       0
       2
       1
       1
       0
       0
       0
       0
       0
       1
       0
       0
       0
       0
       0
       0
       1
       0
       0
       0
       1
       0
       0
       1
       1
       0
       0
       2
       0
       0
       0
       0
       0
       0
       0
       0
       0
       0
       1
       0
       0
       0
       0
       0
       1
       1
       0
       1
       2
       0
       0
       1
       1
       0
       0
       0
       0
       0
       0
       0
       0
       2
       0
       0
       0
       0
       0
       1
       0
       0
       1
       2
       0
       0
       0
       1
       1
       1
       0
       1
       1
       0
       0
       1
       0
       0
       0
       0
       0
       1
       0
       1
       0
       0
       0
       0
       0
       0
       0
       0
       0
       0
       0
       0
       0
       0
       0
       0
       0
       0