$SPEC_ID:
FILENAME# 395-U1554G-2H-1_110cm_SECT12466821_20230628123026_NaI_3.SPE
$SPEC_REM:
DET# 3
TYPE# Sample
LABEL_ID_LIST# 395-U1554G-2H-1
TEXT_ID_LIST# SECT12466821
LENGTH cm# 151.0
OFFSET cm# 110
TRAY# titanium
DETDESC# ASPEC 927, SN 7022364, Version 0927-002, NaI
COMMENTS#
AP# 
IMS 14.0
INSTRUMENT_GROUP# NGR System
$DATE_MEA:
06/28/2023 12:25:19
$MEAS_TIM:
300.000 300.180
$DATA:
0 1023
       0
       0
       0
       0
       0
       0
       0
       0
       0
       0
      15
      27
      26
      19
      14
      20
      14
      15
      15
      17
      20
      26
      37
      40
      23
      45
      41
      43
      55
      39
      57
      58
      45
      58
      46
      42
      35
      31
      26
      45
      46
      40
      36
      41
      44
      42
      38
      38
      42
      41
      38
      39
      33
      44
      47
      44
      35
      34
      30
      34
      37
      40
      36
      33
      35
      38
      40
      39
      40
      44
      39
      40
      33
      42
      38
      51
      32
      42
      36
      54
      51
      39
      42
      58
      38
      46
      40
      52
      32
      46
      44
      31
      38
      38
      22
      32
      40
      35
      41
      24
      39
      36
      36
      32
      25
      38
      39
      28
      36
      26
      30
      26
      26
      24
      38
      42
      30
      39
      31
      27
      32
      32
      32
      35
      37
      26
      29
      21
      25
      29
      16
      16
      15
      20
      14
      16
      21
      14
      16
      19
      20
      16
      20
      18
      23
       8
      19
       9
      15
      12
      14
      14
      15
      14
      12
      21
      19
      17
      13
      18
      17
      11
      12
      15
      16
      15
      15
      22
      19
      21
      13
       8
       9
      19
      13
      13
      15
      17
      19
      10
      12
      17
       8
      12
      12
      10
      20
      10
      15
      15
      11
      11
      16
      12
      16
      16
      17
      14
      18
      16
      26
      15
      19
      19
      19
      25
      21
      20
      17
      15
      16
      17
      29
      13
      13
      11
      21
      12
      15
      11
      10
      10
      14
      12
      12
      11
       7
      10
       5
      10
      13
      10
       9
      12
       9
       9
      12
      10
       7
      10
      11
      15
       6
       8
      10
      10
       8
       9
      13
       5
      16
       8
      11
      10
       5
      12
      10
       8
       9
      11
       5
       5
      10
       6
       8
      10
       6
       5
       8
       6
      11
      10
       4
       5
       6
       6
       9
       5
       7
       5
       6
       7
       8
       6
       6
       8
      13
      11
      17
      11
       9
       5
       6
      10
       8
      14
       9
      13
       9
       8
      10
       7
      13
      11
      10
      18
       9
       8
       4
      12
      13
       8
      10
       9
       6
      12
       6
       9
       8
      10
      10
      16
       6
       5
       7
       7
       5
       7
       8
       4
       3
       6
       7
       7
       6
       3
       6
       7
       8
       6
       4
       7
       5
       4
       7
       5
       2
       7
       3
       6
       7
       4
       9
      12
       6
      10
       7
       7
      12
       6
       8
      15
       4
       7
       5
      10
       7
       9
       7
      10
       5
       7
       5
       6
       9
       6
       8
       6
       7
      10
       6
       5
      11
      11
       4
       6
       6
       6
       1
       5
      10
       3
       6
      10
       6
       6
      10
       8
       7
       5
       7
       8
       2
       8
       6
       3
       8
       2
       4
       9
       3
       5
       8
       6
       7
       1
       5
      10
       3
       2
       5
       6
       4
       2
       5
       5
       7
       3
       9
       2
       6
       3
       7
       3
       3
       3
       4
       5
       2
       6
       4
       5
       5
       3
       2
       8
       3
       5
       2
       8
       3
       9
       4
      10
       7
       4
      12
       5
       6
       7
       9
      12
      11
      10
      12
      13
      15
      12
      16
      19
      12
      22
      28
      14
      21
      18
      17
      26
      18
      27
      16
      19
      18
      21
      18
      12
      24
      10
      25
      11
      10
       7
      14
      12
      10
       7
      15
      13
      16
       9
       8
       7
       6
       4
       3
       3
      10
       2
       8
       8
       5
       2
       2
       2
       1
       7
       1
       2
       3
       1
       4
       1
       2
       3
       2
       0
       1
       1
       2
       3
       2
       4
       2
       1
       3
       4
       1
       2
       2
       2
       2
       1
       1
       2
       2
       1
       1
       3
       3
       3
       4
       2
       2
       5
       1
       2
       3
       2
       2
       2
       2
       2
       3
       1
       2
       3
       5
       1
       2
       2
       3
       2
       3
       2
       2
       4
       4
       1
       5
       1
       3
       1
       1
       3
       1
       2
       1
       5
       0
       2
       3
       1
       4
       1
       1
       3
       1
       1
       1
       3
       2
       0
       2
       0
       0
       3
       0
       1
       1
       1
       1
       1
       1
       0
       0
       3
       1
       2
       4
       0
       0
       2
       0
       2
       0
       0
       0
       1
       0
       0
       0
       2
       0
       0
       2
       1
       1
       2
       2
       0
       1
       0
       2
       2
       0
       3
       0
       0
       1
       1
       1
       1
       0
       0
       0
       1
       3
       1
       1
       0
       0
       1
       3
       0
       1
       0
       1
       3
       0
       2
       1
       1
       1
       2
       1
       2
       1
       1
       1
       1
       1
       1
       1
       1
       1
       2
       1
       1
       0
       0
       0
       3
       0
       1
       2
       2
       3
       0
       2
       0
       0
       1
       0
       2
       1
       0
       1
       0
       0
       0
       2
       1
       0
       0
       0
       0
       2
       2
       0
       2
       1
       2
       0
       0
       2
       1
       1
       1
       0
       1
       0
       1
       1
       0
       1
       0
       0
       1
       1
       5
       0
       1
       1
       0
       0
       2
       1
       0
       0
       1
       0
       3
       2
       1
       2
       0
       2
       0
       0
       1
       0
       0
       1
       1
       1
       0
       0
       1
       0
       0
       0
       1
       0
       0
       1
       0
       0
       1
       0
       0
       1
       0
       2
       0
       1
       0
       0
       1
       0
       1
       1
       1
       0
       1
       0
       0
       0
       2
       1
       0
       1
       0
       1
       0
       1
       0
       1
       2
       1
       1
       0
       2
       0
       1
       2
       0
       0
       1
       0
       0
       0
       1
       1
       1
       2
       0
       0
       0
       1
       2
       0
       1
       1
       0
       0
       1
       1
       2
       2
       2
       1
       2
       1
       1
       2
       0
       1
       2
       0
       0
       1
       5
       2
       1
       1
       0
       1
       1
       1
       1
       0
       0
       1
       2
       0
       1
       0
       0
       2
       1
       1
       0
       1
       0
       1
       0
       0
       0
       2
       3
       1
       4
       0
       1
       1
       2
       1
       0
       0
       0
       0
       0
       1
       0
       0
       0
       1
       0
       0
       1
       1
       0
       0
       0
       1
       1
       0
       2
       0
       1
       2
       0
       1
       0
       0
       1
       0
       0
       0
       0
       0
       1
       0
       0
       0
       0
       0
       0
       0
       0
       0
       1
       0
       0
       0
       1
       1
       1
       0
       0
       1
       0
       0
       0
       0
       0
       0
       0
       0
       0
       0
       1
       1
       0
       0
       0
       0
       0
       1
       0
       0
       0
       2
       0
       0
       1
       0
       0
       0
       1
       1
       1
       1
       1
       0
       0
       1
       0
       0
       0
       0
       2
       0
       1
       0
       0
       0
       1
       0
       0
       0
       0
       0
       0
       0
       0
       2
       0
       0
       0
       0
       0
       1
       0
       0
       0
       0
       1
       0
       0
       0
       0
       0
       0
       0
       0
       0
       0
       0
       0
       0
       0
       0
       0