$SPEC_ID:
FILENAME# 395-U1554G-2H-1_150cm_SECT12466821_20230628123026_NaI_1.SPE
$SPEC_REM:
DET# 1
TYPE# Sample
LABEL_ID_LIST# 395-U1554G-2H-1
TEXT_ID_LIST# SECT12466821
LENGTH cm# 151.0
OFFSET cm# 150
TRAY# titanium
DETDESC# ASPEC 927, SN 7022362, Version 0927-002, NaI
COMMENTS#
AP# 
IMS 14.0
INSTRUMENT_GROUP# NGR System
$DATE_MEA:
06/28/2023 12:25:19
$MEAS_TIM:
300.000 300.120
$DATA:
0 1023
       0
       0
       0
       0
       0
       0
       0
       0
       0
       0
      19
      19
      12
      14
      11
       7
       8
       8
      11
      13
      17
      18
      18
      18
      18
      24
      20
      14
      13
      16
      14
      16
      19
      11
      21
      14
      18
      15
      20
      18
       6
      14
      20
      19
      27
      19
      23
      20
      18
      22
      23
      23
      27
      27
      16
      23
      27
      33
      23
      20
      17
      14
      18
      14
      20
      25
      17
      26
      26
      24
      20
      26
      27
      26
      35
      22
      24
      22
      20
      25
      19
      25
      21
      26
      21
      20
      24
      18
      22
      14
      22
      20
      24
      18
      18
      16
      11
      18
      19
      17
      15
      11
       8
      16
      12
      14
      13
      14
      14
      14
      11
       9
      17
       8
      16
      13
      12
      14
      14
      17
      11
      18
      12
      19
      19
      16
      21
      14
      13
      15
      14
      10
      14
       7
      11
      14
       7
       6
       8
      13
       4
      10
       9
       6
       4
      12
      12
       6
      10
       6
       6
       7
       3
       5
       5
       8
       7
       3
       8
       6
       9
       6
      10
      10
       7
       8
      13
       9
       5
       5
       5
       9
       6
      10
      11
       5
      11
       6
      10
       8
       8
       7
       6
      10
       5
       7
       4
      12
      12
       6
       9
       5
       4
       7
       6
       9
       6
       7
       9
       5
      13
       5
       9
       9
       2
       8
      12
      11
       5
       9
       9
       8
       1
       6
      17
       5
       4
       9
       5
      10
       5
       3
       6
       6
      10
       3
       2
       5
       5
       2
       6
       2
       3
       3
       6
       4
       5
       3
       6
       4
       3
       3
       6
       9
       8
       3
       6
       6
       2
       7
       5
       8
       8
       6
       5
       2
       7
       7
       7
       7
       3
       7
       3
       5
       7
       3
       6
       5
       7
       5
       4
       6
       4
       4
       5
       6
       6
       6
       2
       3
       2
       7
       3
       4
       4
       5
       6
       3
       7
       5
       4
       7
       6
       6
       4
       8
       3
       6
       2
       8
       3
       7
       4
       9
       7
       4
       4
       7
       5
       4
       7
       4
       6
       5
       4
       5
       4
       2
       5
       9
       4
       2
       7
       8
       4
       3
       5
       7
       4
       6
       1
       5
       6
       4
       5
       2
       0
       3
       4
       2
       5
       2
       4
       2
       2
       4
       5
       1
       3
       3
       2
       2
       2
       1
       5
       5
       3
       3
       5
       8
       6
       2
       5
       3
       6
       7
       5
       3
       5
       4
       3
       4
       1
       5
       6
       7
       2
       6
       5
       4
       3
       5
       2
       4
       1
       6
       3
       3
       5
       6
       4
       3
       3
       7
       2
       2
       3
       5
       1
       0
       5
       1
       4
       3
       2
       1
       4
       4
       0
       2
       1
       0
       1
       1
       2
       3
       3
       2
       8
       3
       3
       3
       3
       4
       2
       2
       3
       2
       3
       3
       3
       4
       4
       3
       1
       1
       1
       3
       3
       3
       0
       4
       7
       5
       2
       2
       3
       3
       7
       4
       7
       1
       3
       0
       6
       1
       3
       4
       7
       2
       7
       3
       4
       4
       5
       7
       3
       5
       7
       7
       9
      10
       7
       6
       4
       7
       3
       8
      14
      11
       4
       8
       8
       8
      13
       6
       6
       9
       4
       6
       5
       8
       7
       7
       5
       9
       8
      10
       8
       2
       6
       3
       4
       2
       9
       5
       7
       5
       4
       5
       8
       6
       4
       2
       6
       2
       1
       1
       3
       5
       2
       2
       3
       2
       4
       4
       4
       0
       3
       2
       2
       2
       3
       1
       3
       2
       3
       3
       4
       1
       1
       0
       1
       0
       0
       0
       2
       0
       3
       3
       0
       4
       1
       3
       3
       0
       0
       2
       0
       0
       1
       0
       5
       1
       0
       1
       0
       1
       2
       1
       1
       0
       1
       1
       1
       2
       2
       1
       2
       3
       2
       1
       2
       1
       1
       1
       3
       1
       2
       2
       1
       2
       3
       1
       0
       1
       1
       1
       0
       2
       2
       2
       0
       3
       0
       1
       4
       0
       0
       0
       0
       0
       2
       0
       1
       2
       1
       1
       1
       3
       0
       1
       0
       0
       1
       1
       0
       2
       0
       1
       2
       1
       1
       2
       1
       1
       0
       0
       1
       0
       1
       0
       0
       0
       0
       1
       3
       1
       2
       1
       2
       1
       0
       1
       1
       2
       0
       0
       1
       1
       1
       0
       1
       0
       1
       0
       0
       0
       2
       0
       0
       1
       0
       0
       1
       0
       1
       0
       1
       0
       0
       0
       0
       0
       1
       0
       2
       0
       0
       1
       1
       0
       0
       1
       1
       0
       0
       0
       0
       1
       1
       1
       0
       0
       0
       0
       0
       0
       1
       1
       0
       0
       1
       0
       0
       1
       0
       0
       0
       0
       1
       0
       2
       1
       1
       3
       0
       1
       0
       0
       0
       0
       0
       0
       1
       0
       0
       0
       1
       2
       1
       1
       1
       1
       0
       2
       0
       2
       0
       0
       0
       1
       0
       0
       0
       0
       1
       0
       0
       0
       0
       0
       2
       0
       0
       1
       0
       1
       1
       0
       0
       2
       0
       0
       0
       0
       2
       1
       0
       0
       0
       1
       2
       1
       1
       1
       0
       1
       1
       1
       1
       1
       1
       0
       0
       0
       0
       0
       0
       1
       2
       0
       0
       0
       1
       3
       0
       0
       1
       2
       0
       0
       0
       2
       0
       0
       1
       1
       0
       0
       0
       0
       0
       0
       0
       1
       1
       1
       1
       4
       1
       0
       2
       1
       0
       0
       3
       1
       1
       1
       1
       0
       2
       1
       0
       1
       0
       0
       0
       1
       0
       2
       0
       1
       2
       1
       0
       1
       1
       0
       1
       0
       0
       0
       1
       1
       2
       0
       0
       0
       0
       1
       1
       0
       1
       0
       0
       0
       0
       1
       1
       1
       0
       2
       1
       0
       0
       1
       0
       1
       0
       1
       0
       0
       2
       0
       0
       0
       0
       0
       0
       0
       0
       1
       0
       1
       0
       1
       0
       1
       0
       0
       0
       0
       1
       0
       0
       0
       0
       0
       2
       0
       0
       0
       0
       0
       0
       0
       0
       0
       1
       1
       1
       1
       1
       0
       0
       0
       0
       0
       0
       1
       0
       0
       1
       1
       0
       0
       0
       0
       0
       1
       0
       0
       0
       1
       2
       0
       0
       0
       0
       0
       0
       1
       0
       0
       0
       0
       0
       0
       0
       0
       0
       1
       0
       0
       0
       0
       0
       0
       0
       0
       0
       0
       1
       0
       1
       0
       0
       0
       0
       1
       1
       1
       0
       0
       0
       2
       1
       0
       0
       0
       0
       0
       0
       0
       1
       0
       0
       0
       0
       0
       0
       0
       0
       0
       0
       0
       0
       0
       0
       0
       0
       0