$SPEC_ID:
FILENAME# 395-U1554G-2H-1_70cm_SECT12466821_20230628123026_NaI_5.SPE
$SPEC_REM:
DET# 5
TYPE# Sample
LABEL_ID_LIST# 395-U1554G-2H-1
TEXT_ID_LIST# SECT12466821
LENGTH cm# 151.0
OFFSET cm# 70
TRAY# titanium
DETDESC# ASPEC 927, SN 06341987, Version 0927-002, NaI
COMMENTS#
AP# 
IMS 14.0
INSTRUMENT_GROUP# NGR System
$DATE_MEA:
06/28/2023 12:25:19
$MEAS_TIM:
300.000 300.180
$DATA:
0 1023
       0
       0
       0
       0
       0
       0
       0
       0
       0
      14
      22
      30
      34
      24
      17
      25
      17
      14
      24
      18
      27
      35
      37
      40
      24
      38
      41
      40
      36
      41
      45
      47
      45
      37
      39
      40
      33
      44
      29
      38
      29
      41
      30
      29
      35
      35
      29
      34
      39
      40
      37
      42
      42
      33
      30
      27
      43
      30
      44
      47
      38
      50
      33
      34
      43
      46
      44
      38
      41
      28
      37
      35
      38
      42
      37
      36
      35
      32
      49
      42
      54
      49
      65
      39
      48
      48
      43
      34
      34
      31
      23
      42
      32
      30
      33
      33
      33
      25
      34
      28
      39
      33
      35
      39
      30
      22
      29
      27
      26
      29
      25
      22
      23
      31
      30
      24
      27
      26
      26
      35
      41
      39
      29
      35
      24
      29
      22
      31
      22
      16
      13
      10
      13
      15
      16
      17
      17
      12
      13
       9
      17
      10
      11
      16
      14
      14
      13
      18
      12
       8
      12
      19
      12
      15
      13
      11
      13
      11
      17
      16
      23
       9
       7
      15
      17
      15
      13
      15
      14
      15
      13
       9
      15
      21
      14
      15
      13
      21
      14
      15
      17
       8
      12
      14
       4
      20
       8
      11
       9
       7
      17
      13
      13
      19
      18
      14
      26
      13
      16
      15
      18
      21
      21
      12
      22
      20
      16
      15
      14
      21
      14
      18
      14
      22
      13
       6
      12
       6
      11
       4
       6
       9
       8
       8
      15
      12
       6
      11
       7
      10
       5
      10
       7
      10
      11
       6
       4
      11
       9
      10
       7
      15
       8
       7
       9
      12
       7
      11
       8
       9
      10
      10
       8
       6
       8
       9
       8
      12
      11
      10
       8
       5
      13
       8
      11
      10
      11
      13
       6
      16
      11
      15
       6
       3
       8
       8
      10
      14
      12
       7
      11
       9
      13
       4
       3
       6
      10
       9
      10
       5
       4
       5
      11
      11
       8
      11
       5
       4
       9
      10
       9
      10
       4
      12
      12
      11
      10
       7
      15
       8
       9
       7
      10
      10
       8
      10
      10
       6
       7
       9
       7
       8
       8
       6
      12
       8
       4
       9
       6
       7
       8
       8
       6
       6
       8
       5
      10
       8
       8
       7
       8
       4
       0
       9
       6
      10
       6
       4
      11
       3
       9
       4
       5
       6
       9
       9
       9
       5
       6
       7
       4
      10
       4
       8
       6
       8
      12
       3
      11
       8
      10
       9
      12
       6
      11
       2
      10
       7
       9
      13
       9
       6
       9
       6
       6
       8
      12
       6
       5
       4
       3
       6
       7
       6
       8
       7
       4
       2
      11
       2
       5
       5
       5
       3
       4
       2
       2
       7
       5
       6
       5
       5
       8
       7
       4
       6
       5
       8
       3
       4
       6
       4
       3
       3
       2
       5
       2
       1
       4
       6
       2
       8
       2
       2
       5
       2
       0
       7
       2
       5
       4
       1
       7
       1
       3
       3
       2
       6
       6
       4
       1
       1
       4
       2
       4
       3
       4
       4
       4
       7
       4
       6
      11
       5
       5
      14
      15
       7
       8
      10
      15
      14
      16
      21
      28
      29
      15
      28
      22
      22
      17
      31
      29
      19
      25
      20
      23
      24
      27
      25
      20
      17
      13
      12
      12
      18
      10
      13
      13
      10
      15
       7
       6
       5
       7
       2
       4
       4
       5
       3
       4
       5
       3
       4
       5
       2
       1
       4
       4
       4
       1
       3
       0
       2
       0
       3
       3
       5
       3
       2
       2
       1
       2
       1
       2
       1
       6
       3
       2
       3
       3
       5
       2
       1
       1
       2
       2
       0
       0
       1
       3
       1
       1
       6
       1
       1
       2
       1
       3
       4
       3
       1
       1
       1
       2
       2
       2
       1
       1
       2
       1
       1
       1
       5
       3
       3
       0
       3
       4
       6
       2
       0
       0
       2
       1
       0
       1
       0
       2
       2
       2
       4
       1
       3
       0
       0
       0
       1
       1
       2
       1
       3
       1
       1
       1
       1
       0
       0
       3
       2
       0
       1
       1
       0
       2
       1
       1
       0
       0
       4
       2
       0
       0
       2
       0
       1
       1
       1
       1
       0
       1
       1
       3
       0
       1
       0
       1
       0
       0
       0
       1
       0
       0
       0
       1
       0
       1
       2
       0
       2
       0
       0
       1
       0
       0
       0
       0
       2
       3
       1
       3
       0
       1
       1
       0
       2
       0
       0
       0
       2
       1
       1
       0
       0
       1
       4
       1
       0
       2
       1
       0
       1
       0
       2
       0
       0
       1
       1
       1
       0
       0
       0
       2
       1
       1
       0
       0
       0
       0
       2
       2
       0
       0
       1
       0
       0
       3
       1
       1
       1
       1
       2
       1
       1
       3
       1
       1
       1
       1
       1
       1
       2
       0
       1
       1
       2
       0
       0
       1
       2
       0
       1
       1
       3
       3
       0
       3
       1
       1
       1
       1
       0
       0
       1
       2
       0
       0
       0
       0
       0
       1
       0
       1
       1
       0
       1
       0
       0
       3
       0
       1
       0
       0
       0
       0
       3
       0
       0
       1
       2
       0
       0
       0
       1
       0
       1
       0
       2
       1
       0
       2
       0
       3
       0
       1
       0
       0
       1
       1
       1
       1
       0
       0
       2
       0
       0
       1
       2
       1
       2
       1
       0
       1
       1
       1
       1
       2
       1
       0
       0
       0
       1
       1
       0
       0
       0
       0
       0
       0
       0
       1
       1
       0
       3
       1
       3
       3
       0
       1
       1
       0
       4
       1
       3
       0
       1
       1
       2
       3
       1
       5
       1
       5
       3
       2
       2
       1
       2
       0
       1
       0
       3
       1
       3
       0
       0
       3
       2
       0
       2
       2
       1
       1
       1
       0
       1
       0
       2
       0
       2
       2
       0
       1
       2
       1
       1
       0
       0
       1
       2
       0
       1
       0
       1
       1
       1
       1
       1
       0
       0
       1
       0
       0
       0
       2
       0
       0
       1
       0
       1
       0
       0
       1
       0
       1
       0
       0
       0
       0
       0
       0
       1
       0
       1
       1
       0
       1
       2
       1
       0
       1
       0
       0
       0
       1
       0
       1
       1
       0
       1
       1
       1
       0
       0
       0
       2
       2
       0
       0
       0
       0
       2
       2
       0
       0
       0
       0
       0
       0
       1
       0
       1
       0
       0
       1
       0
       1
       2
       1
       0
       1
       0
       0
       1
       1
       0
       1
       0
       0
       0
       0
       0
       0
       0
       1
       0
       0
       0
       0
       0
       1
       0
       0
       0
       0
       0
       0
       1
       0
       0
       1
       1
       0
       0
       0
       0
       0
       2
       1
       0
       0
       0
       0
       0
       0
       0
       0
       0
       0
       0
       0
       0
       0
       0
       0
       0
       0
       0
       0
       0
       0
       0
       0
       0