$SPEC_ID:
FILENAME# 395-U1554G-2H-1_120cm_SECT12466821_20230628123026_NaI_2.SPE
$SPEC_REM:
DET# 2
TYPE# Sample
LABEL_ID_LIST# 395-U1554G-2H-1
TEXT_ID_LIST# SECT12466821
LENGTH cm# 151.0
OFFSET cm# 120
TRAY# titanium
DETDESC# ASPEC 927, SN 7022362, Version 0927-002, NaI
COMMENTS#
AP# 
IMS 14.0
INSTRUMENT_GROUP# NGR System
$DATE_MEA:
06/28/2023 12:30:26
$MEAS_TIM:
300.000 301.260
$DATA:
0 1023
       0
       0
       0
       0
       0
       0
       0
       0
       0
       0
      22
      22
      21
      21
      22
      16
      19
      12
      17
      23
      20
      25
      25
      32
      33
      46
      38
      54
      53
      38
      46
      42
      42
      53
      55
      29
      47
      46
      43
      35
      32
      40
      43
      49
      42
      41
      35
      43
      46
      34
      43
      39
      45
      51
      38
      28
      38
      31
      32
      36
      30
      36
      40
      40
      48
      43
      50
      35
      32
      43
      46
      39
      36
      36
      47
      45
      45
      48
      49
      52
      50
      51
      61
      61
      52
      41
      48
      54
      27
      40
      45
      32
      25
      27
      27
      26
      21
      20
      37
      39
      35
      30
      25
      41
      24
      30
      31
      32
      23
      31
      21
      23
      28
      24
      26
      32
      38
      26
      27
      30
      26
      25
      34
      41
      27
      26
      35
      21
      22
      20
      14
      14
      17
      17
      14
      19
      15
      18
      16
      12
      14
      12
      11
      10
      15
      15
      14
      16
      10
      13
      15
       9
      14
      14
       8
      18
      13
      13
      14
      14
      17
      10
      16
      11
      13
      16
      10
      16
      18
      14
      13
      11
      13
      11
      21
      17
       9
      12
      12
      10
      10
      16
      12
       9
      11
      13
      15
      15
      13
       8
      10
      10
      13
      19
      21
      20
      11
      20
      15
      10
      16
      24
      24
      20
      16
      19
      23
      17
      11
      15
      15
      13
      15
      16
      10
      12
      10
       8
      15
       9
      11
       8
      13
      10
       7
      11
      11
      12
       9
      13
      11
       6
      10
       8
      14
       6
      11
      11
      13
       9
       8
       6
       6
      13
      11
       3
       8
      10
       9
      10
      14
      16
       6
      11
      12
      11
      13
      11
      13
      16
       6
       4
       4
       3
      10
      16
      11
      11
       8
      10
       5
      13
       7
      13
      11
      12
       6
       5
       7
      12
       8
      10
       7
      10
       9
      13
       6
       5
       6
       4
       8
       7
      11
      13
       9
       9
       9
       6
      12
      11
       6
      12
      15
      12
      10
      12
      10
       7
      12
      11
      14
       7
       8
      11
      10
       9
      19
      11
      11
      14
       8
      10
      13
       9
       8
       7
       9
       7
      10
       9
       7
       7
       8
       9
      11
       4
       8
       7
       8
       8
       7
       6
       5
       5
       2
       7
       9
       7
       4
       2
      10
       6
       6
       6
       6
       6
       3
       7
      10
      10
       4
       6
       6
       7
       5
       6
       6
       7
       2
       6
       5
       2
       8
       5
       9
       3
       6
      10
       5
       6
      10
       7
       3
       9
       8
       6
       4
      10
       4
       4
       6
       5
       6
       8
       7
       8
       8
       6
       4
       8
       6
       5
       8
       3
       9
       6
       4
       3
       1
       6
       3
       4
       8
       5
       3
       6
       7
       2
       4
       2
       8
       8
       3
       6
       3
       4
       7
       3
       1
       3
       6
       7
       2
       4
       2
       4
       8
       4
       3
       5
       5
       7
       4
       3
       6
       5
       4
       6
       3
       6
       6
       4
       6
       8
       6
       7
      10
       8
      10
      12
       9
      11
       6
      12
      14
      11
      12
      12
      12
      13
      13
      14
      20
      11
      15
      14
      13
      21
      18
      18
      17
      17
      12
      15
      13
       9
       8
       9
      16
      10
      12
      12
       4
       9
       6
       6
       8
       7
      11
       5
       5
       7
       4
       7
       4
       4
       1
       9
       5
       4
      10
       4
       1
       5
       4
       8
       5
       1
       2
       1
       3
       3
       1
       2
       2
       2
       4
       1
       5
       3
       4
       3
       1
       1
       1
       2
       3
       1
       1
       1
       1
       5
       3
       4
       1
       1
       4
       7
       2
       2
       0
       3
       1
       1
       4
       1
       1
       4
       4
       2
       6
       1
       1
       0
       3
       4
       2
       3
       2
       2
       2
       1
       1
       2
       2
       1
       4
       0
       0
       3
       3
       2
       2
       5
       0
       2
       3
       2
       2
       4
       1
       1
       2
       0
       1
       3
       2
       2
       1
       0
       0
       1
       1
       1
       1
       2
       4
       4
       1
       4
       3
       1
       2
       1
       0
       2
       1
       0
       3
       3
       1
       0
       0
       0
       1
       1
       0
       1
       1
       0
       2
       3
       0
       0
       3
       0
       2
       1
       0
       1
       1
       2
       0
       1
       1
       1
       2
       2
       0
       1
       1
       0
       0
       0
       1
       0
       2
       1
       0
       1
       0
       2
       1
       1
       1
       1
       2
       2
       0
       1
       3
       0
       0
       1
       1
       1
       2
       0
       0
       4
       0
       0
       1
       0
       0
       2
       0
       0
       1
       1
       1
       2
       1
       0
       0
       0
       0
       3
       2
       2
       0
       1
       1
       1
       1
       3
       1
       0
       1
       0
       3
       1
       1
       1
       0
       0
       1
       0
       0
       2
       0
       2
       2
       2
       1
       0
       0
       1
       0
       0
       2
       0
       0
       0
       0
       1
       0
       3
       2
       1
       0
       1
       0
       1
       0
       0
       0
       0
       0
       1
       0
       0
       0
       0
       0
       0
       1
       0
       0
       1
       1
       0
       1
       1
       2
       1
       1
       1
       1
       0
       0
       0
       3
       0
       1
       0
       0
       1
       0
       1
       1
       0
       0
       3
       1
       0
       1
       0
       0
       1
       3
       3
       2
       1
       0
       1
       2
       4
       1
       0
       0
       1
       0
       0
       1
       0
       3
       1
       1
       2
       0
       2
       0
       0
       2
       3
       0
       0
       1
       2
       1
       2
       0
       1
       2
       2
       1
       0
       0
       1
       0
       0
       1
       2
       2
       0
       1
       2
       0
       2
       2
       0
       0
       0
       2
       0
       2
       2
       1
       1
       0
       1
       1
       1
       0
       1
       2
       1
       2
       2
       1
       0
       1
       0
       1
       1
       4
       2
       0
       0
       4
       1
       0
       1
       2
       0
       0
       0
       1
       0
       1
       1
       1
       0
       1
       1
       2
       0
       0
       0
       2
       0
       2
       2
       1
       1
       1
       0
       0
       2
       1
       0
       3
       0
       0
       1
       0
       0
       0
       0
       0
       0
       1
       0
       0
       0
       2
       1
       0
       0
       2
       0
       1
       0
       0
       1
       0
       0
       0
       0
       2
       1
       0
       1
       0
       0
       0
       1
       0
       1
       0
       0
       0
       0
       1
       1
       0
       0
       0
       1
       0
       0
       0
       0
       0
       0
       1
       1
       0
       0
       0
       0
       0
       0
       0
       1
       1
       0
       0
       0
       0
       0
       0
       0
       0
       0
       1
       0
       0
       0
       1
       0
       0
       1
       0
       0
       0
       1
       0
       0
       0
       0
       0
       0
       1
       0
       0
       0
       0
       1
       0
       0
       0
       0
       1
       0
       0
       0
       0
       0
       0
       0
       0
       0
       0
       0
       0
       0
       0
       0
       0
       0
       0
       0