$SPEC_ID:
FILENAME# 395-U1554G-2H-1_140cm_SECT12466821_20230628123026_NaI_1.SPE
$SPEC_REM:
DET# 1
TYPE# Sample
LABEL_ID_LIST# 395-U1554G-2H-1
TEXT_ID_LIST# SECT12466821
LENGTH cm# 151.0
OFFSET cm# 140
TRAY# titanium
DETDESC# ASPEC 927, SN 7022362, Version 0927-002, NaI
COMMENTS#
AP# 
IMS 14.0
INSTRUMENT_GROUP# NGR System
$DATE_MEA:
06/28/2023 12:30:26
$MEAS_TIM:
300.000 300.160
$DATA:
0 1023
       0
       0
       0
       0
       0
       0
       0
       0
       0
       0
      22
      17
      24
      23
      19
      15
      16
      17
      21
      23
      26
      27
      27
      21
      23
      22
      23
      36
      29
      30
      31
      40
      38
      36
      32
      25
      28
      27
      28
      27
      23
      29
      28
      20
      37
      37
      30
      35
      35
      29
      42
      25
      46
      35
      24
      41
      42
      32
      40
      37
      38
      35
      49
      29
      38
      37
      44
      28
      39
      39
      45
      37
      35
      47
      41
      43
      35
      41
      33
      35
      37
      37
      42
      47
      41
      41
      30
      37
      32
      37
      35
      38
      26
      29
      31
      23
      32
      30
      27
      24
      34
      38
      31
      33
      32
      27
      27
      26
      29
      22
      25
      25
      23
      19
      24
      31
      15
      34
      23
      30
      22
      29
      27
      35
      29
      32
      18
      23
      24
      21
      20
      12
      11
      23
      18
      14
      13
      17
      14
      16
      12
       8
      11
      12
       9
      11
      11
      15
      18
       8
      11
      13
      15
      15
      15
      10
      13
       7
      18
      18
       9
      13
       9
      10
      15
      11
      10
       8
       7
      15
      12
       9
      16
       8
      13
       9
      10
      15
      10
      16
       9
      11
       9
      16
      11
       9
       6
      12
      13
      11
       6
      11
      11
      11
      11
      14
      14
      16
      17
      11
      13
      13
      15
      10
      13
      12
      17
      14
      16
      11
      15
      22
       9
      15
      12
      11
      16
      11
       8
      15
       6
       7
      12
       5
       5
      11
       5
      12
       3
       5
      16
      13
       7
       8
       5
       4
       5
       9
      10
       8
      10
       6
       5
       8
       8
       5
       8
      10
       8
      10
       8
       8
       8
      13
       6
       9
      11
      12
       4
      14
       5
      12
      11
      10
       6
       7
       7
       7
       7
       4
      12
       4
       9
       8
       6
       6
      12
       7
       6
      13
       4
       7
       9
       5
       9
       7
      13
       7
       6
       7
      10
      13
       7
       6
       7
       8
       6
       5
       9
      11
       2
       6
       5
      10
       9
      10
       8
       7
      11
      10
      14
       2
       4
      11
      11
       7
       7
       9
       4
       7
       9
      10
       9
       5
      11
       9
       8
      10
       8
       5
       5
      16
       5
       9
       1
       7
       9
       8
       7
       9
       4
       6
       2
       9
       6
       7
       7
       7
       4
       5
       7
       9
       3
      12
       6
       6
       6
       8
       2
       3
       9
       9
       7
       8
       5
       4
       6
       4
       3
       4
       6
       3
       7
       3
       3
       3
       4
       8
      10
       7
       1
       4
       7
       7
       3
       3
       8
       4
       6
       5
       6
       6
       3
       4
       5
       6
       4
       5
       1
       7
       6
       7
       4
       9
       3
       4
       7
       5
       9
       6
       7
       3
       4
       5
       3
       5
       5
       6
       8
       3
       4
       3
       4
       4
       4
       3
       4
       4
       3
       6
       3
       4
       1
       3
       4
       5
       7
       4
       6
       1
       2
       4
       1
       6
       2
       5
       5
       2
       2
       6
       7
       1
       7
       8
       2
       9
       7
       7
       5
       8
       8
       8
      11
       7
       7
       9
       6
      12
       7
      16
       6
      11
      19
      16
      10
      17
      12
      11
      11
       7
      16
      13
      18
      14
       8
      15
      11
      17
      16
      10
      11
       8
      12
      11
       9
       6
      11
      17
      11
       9
       4
       6
      13
      10
      12
      14
       6
       6
      10
       3
       6
      11
       8
       3
       7
       3
       4
       4
       4
       3
       2
       7
       6
       4
       5
       3
       1
       3
       2
       2
       4
       2
       2
       3
       2
       4
       2
       2
       6
       2
       4
       5
       2
       4
       2
       2
       0
       2
       4
       4
       3
       1
       5
       2
       1
       5
       2
       2
       1
       1
       1
       0
       0
       2
       3
       2
       1
       3
       2
       4
       1
       3
       1
       2
       1
       2
       2
       0
       1
       1
       3
       3
       2
       2
       3
       2
       2
       2
       0
       1
       3
       0
       4
       2
       2
       1
       0
       1
       0
       2
       2
       2
       2
       1
       0
       1
       1
       1
       1
       1
       1
       1
       2
       1
       0
       1
       2
       1
       1
       0
       0
       1
       0
       1
       1
       0
       0
       1
       1
       0
       2
       1
       0
       1
       2
       1
       0
       2
       0
       2
       0
       1
       1
       0
       1
       0
       0
       1
       2
       0
       0
       0
       0
       0
       2
       1
       1
       0
       1
       2
       0
       1
       0
       2
       0
       0
       0
       0
       1
       1
       1
       1
       2
       1
       0
       0
       0
       0
       1
       1
       1
       1
       1
       0
       1
       1
       1
       0
       0
       0
       0
       1
       1
       2
       3
       0
       0
       1
       1
       2
       2
       1
       0
       0
       0
       0
       1
       0
       0
       1
       0
       0
       0
       0
       2
       0
       1
       1
       0
       0
       1
       1
       2
       1
       0
       1
       2
       2
       1
       1
       0
       1
       0
       0
       0
       0
       0
       1
       3
       0
       1
       0
       0
       2
       0
       0
       0
       1
       2
       1
       1
       0
       1
       2
       0
       0
       0
       3
       0
       4
       0
       0
       0
       2
       1
       0
       1
       0
       2
       1
       0
       1
       1
       0
       0
       1
       0
       0
       0
       0
       1
       2
       1
       0
       0
       1
       1
       0
       0
       0
       0
       0
       0
       1
       0
       1
       0
       1
       0
       0
       0
       0
       1
       1
       2
       1
       0
       1
       0
       0
       1
       2
       1
       1
       0
       1
       0
       2
       0
       0
       0
       0
       0
       1
       3
       1
       0
       0
       1
       1
       1
       1
       0
       0
       1
       2
       1
       1
       0
       3
       0
       1
       1
       3
       0
       1
       1
       2
       2
       0
       2
       0
       2
       1
       1
       3
       0
       2
       2
       0
       0
       0
       1
       2
       1
       1
       0
       0
       0
       0
       0
       1
       3
       0
       1
       0
       3
       1
       0
       0
       0
       1
       0
       0
       0
       0
       0
       1
       1
       0
       1
       0
       0
       0
       1
       0
       1
       0
       0
       0
       1
       0
       0
       1
       0
       0
       0
       0
       1
       1
       0
       1
       0
       1
       0
       2
       1
       0
       1
       0
       1
       0
       0
       0
       0
       1
       0
       0
       0
       0
       1
       0
       0
       0
       0
       0
       0
       0
       0
       0
       0
       0
       0
       0
       0
       0
       0
       1
       0
       0
       0
       1
       0
       0
       0
       0
       0
       2
       0
       0
       0
       0
       0
       0
       0
       1
       0
       0
       0
       0
       0
       0
       0
       0
       0
       0
       0
       0
       0
       0
       0
       0
       0
       0
       0
       0
       0
       0
       0
       0
       0
       0
       1
       0
       0
       1
       0
       0
       0
       1
       0
       0
       0
       0
       0
       1
       0
       0
       0
       0
       0
       0
       0
       0
       0
       0
       0
       0
       0
       0
       0
       0
       0
       0