$SPEC_ID:
FILENAME# 395-U1554G-2H-1_50cm_SECT12466821_20230628123026_NaI_6.SPE
$SPEC_REM:
DET# 6
TYPE# Sample
LABEL_ID_LIST# 395-U1554G-2H-1
TEXT_ID_LIST# SECT12466821
LENGTH cm# 151.0
OFFSET cm# 50
TRAY# titanium
DETDESC# ASPEC 927, SN 06341987, Version 0927-002, NaI
COMMENTS#
AP# 
IMS 14.0
INSTRUMENT_GROUP# NGR System
$DATE_MEA:
06/28/2023 12:25:19
$MEAS_TIM:
300.000 300.180
$DATA:
0 1023
       0
       0
       0
       0
       0
       0
       0
       0
       0
      18
      13
      29
      29
      17
      23
      17
      12
      24
      17
      20
      25
      25
      31
      23
      35
      41
      39
      35
      41
      47
      37
      40
      47
      35
      39
      42
      38
      50
      43
      31
      36
      33
      27
      41
      45
      35
      28
      43
      42
      46
      45
      40
      46
      42
      50
      47
      43
      36
      46
      38
      42
      41
      32
      39
      43
      37
      35
      39
      44
      42
      40
      51
      38
      53
      39
      38
      30
      42
      48
      30
      39
      46
      35
      42
      46
      62
      53
      39
      34
      39
      45
      46
      39
      36
      37
      29
      28
      30
      35
      30
      31
      28
      39
      29
      28
      32
      32
      31
      30
      33
      31
      28
      22
      30
      37
      29
      36
      31
      25
      30
      26
      44
      31
      28
      25
      27
      17
      29
      29
      21
      31
      19
      22
      23
      17
      23
      19
      22
      12
      17
      11
      16
      28
      18
      13
      10
      17
      18
      16
       9
      13
      13
      13
      17
      13
      20
      28
      15
      12
      15
      14
      15
       8
      12
       8
       8
       9
      14
      10
      16
      10
      13
      16
      11
      14
      15
      14
      20
      19
      15
      10
      15
       6
       6
      12
      13
       9
      13
      10
      22
      13
       9
      13
      19
      13
      20
      15
      12
      25
      12
      14
      17
      15
      18
      18
      27
      13
      32
      19
      20
      18
      19
      14
      14
      13
      11
      15
      18
      15
      11
      15
       9
      18
      11
       5
      12
      14
       7
       8
      12
       7
       8
      12
      11
       8
      10
       8
       8
      14
       3
      10
       6
      12
      10
      14
       9
      11
      14
      14
      11
       6
       8
      13
      10
       8
       9
       8
       3
       9
      10
       7
       7
       8
      16
      10
      10
       7
       9
       7
       8
       7
       9
       9
      12
       8
      15
      18
       8
      11
       8
       9
       7
      11
       7
      10
       9
       6
       8
       5
      13
       9
       8
       5
      10
      11
       6
      11
      13
      14
      14
      14
       6
       6
      11
       9
       5
      13
      11
       6
      15
       6
      10
       9
      12
       9
      13
      11
       5
       7
      10
      10
      17
       7
      10
       4
       5
      19
      10
       6
      10
      13
       8
      12
       5
       7
       3
       7
       6
       9
       6
      12
       7
      14
      11
       2
       2
       4
       7
       6
      10
       6
       7
       7
       3
       7
       3
       9
       5
       3
      12
       9
       4
       6
       8
       2
       9
       8
       9
       4
       9
       7
       4
      10
       6
       8
       6
      12
       9
      10
       6
       5
       9
       4
       3
       4
       7
      10
       5
      11
      11
      10
      10
       8
       3
       6
       3
       7
       5
       8
       5
       3
       5
       8
      10
       4
       8
       5
       4
       6
       4
       5
       5
       7
       3
       8
       3
       6
       6
       6
       5
       2
       2
       6
       6
       7
       4
       2
       3
       4
       2
       4
       3
       3
       3
       7
       4
       2
       4
       6
       7
       4
       5
       6
       3
       0
       0
       8
       6
       5
       4
       2
       4
       6
       6
       7
       8
       1
      10
       9
       4
       9
      12
      14
      11
      13
       4
      13
       5
      18
      11
       8
      19
      18
       8
      10
      15
      11
      13
      17
      22
      11
      16
      19
      23
      13
      21
      13
      22
      15
      16
      19
      11
      24
      14
      15
      14
      12
      17
      20
      22
       7
      14
      11
      11
      12
      12
       6
      12
       7
       8
       5
       9
       9
      13
       7
       7
       2
       4
       4
      10
       6
       6
       5
       1
       7
       3
       2
       2
       6
       4
       2
       4
       0
       1
       3
       1
       2
       2
       1
       3
       2
       3
       1
       0
       4
       3
       2
       2
       4
       2
       2
       2
       4
       2
       1
       0
       3
       5
       2
       3
       0
       3
       2
       1
       3
       1
       4
       2
       6
       0
       2
       3
       4
       4
       2
       3
       3
       2
       2
       4
       3
       2
       2
       1
       3
       4
       2
       3
       4
       3
       1
       6
       2
       4
       3
       1
       5
       2
       1
       3
       3
       1
       2
       3
       3
       6
       1
       3
       1
       5
       1
       4
       0
       2
       1
       2
       2
       2
       1
       2
       2
       0
       2
       0
       1
       1
       3
       4
       2
       0
       1
       2
       1
       1
       1
       0
       0
       0
       0
       1
       0
       2
       2
       0
       0
       1
       1
       3
       1
       0
       1
       1
       2
       0
       1
       0
       0
       1
       1
       1
       0
       0
       0
       1
       0
       2
       1
       0
       4
       1
       0
       0
       2
       2
       2
       0
       0
       2
       0
       0
       0
       1
       2
       1
       2
       1
       1
       1
       1
       1
       0
       0
       2
       3
       1
       2
       1
       2
       2
       0
       2
       0
       3
       0
       2
       1
       1
       1
       0
       1
       6
       2
       1
       2
       3
       0
       0
       1
       0
       0
       0
       2
       2
       1
       1
       0
       3
       1
       1
       0
       1
       0
       0
       0
       1
       2
       0
       1
       1
       3
       1
       0
       1
       0
       1
       3
       1
       0
       2
       0
       2
       1
       1
       1
       0
       1
       1
       0
       1
       1
       0
       1
       2
       3
       0
       0
       1
       1
       1
       0
       0
       0
       3
       0
       0
       2
       0
       0
       1
       2
       1
       0
       1
       0
       1
       1
       1
       2
       0
       0
       0
       0
       0
       2
       1
       0
       0
       0
       0
       2
       0
       0
       0
       0
       1
       2
       0
       0
       0
       1
       0
       2
       2
       0
       1
       1
       0
       1
       2
       0
       2
       0
       1
       0
       1
       1
       1
       2
       0
       0
       0
       2
       1
       0
       1
       1
       0
       4
       0
       1
       0
       0
       2
       1
       1
       2
       3
       3
       1
       2
       1
       1
       0
       1
       2
       0
       1
       3
       1
       3
       0
       1
       0
       1
       1
       2
       3
       0
       1
       1
       2
       2
       1
       1
       0
       1
       2
       3
       0
       3
       0
       1
       1
       1
       0
       1
       1
       0
       0
       1
       1
       0
       2
       0
       1
       0
       2
       1
       0
       2
       0
       0
       1
       1
       1
       3
       1
       0
       0
       1
       0
       0
       0
       1
       1
       0
       0
       1
       1
       0
       2
       0
       1
       1
       0
       0
       0
       0
       0
       0
       1
       0
       0
       1
       0
       1
       1
       2
       1
       1
       1
       0
       0
       2
       2
       1
       2
       1
       2
       0
       0
       0
       3
       0
       0
       1
       1
       0
       0
       0
       0
       1
       3
       0
       0
       0
       0
       0
       0
       1
       1
       0
       0
       0
       1
       1
       1
       0
       1
       0
       0
       1
       1
       1
       0
       0
       3
       1
       0
       0
       0
       0
       1
       1
       2
       0
       1
       0
       0
       0
       0
       1
       1
       1
       0
       0
       1
       0
       0
       0
       0
       0
       0
       0
       0
       0
       0
       0
       0
       0
       0
       0
       0
       0