$SPEC_ID:
FILENAME# 395-U1554G-2H-1_90cm_SECT12466821_20230628123026_NaI_4.SPE
$SPEC_REM:
DET# 4
TYPE# Sample
LABEL_ID_LIST# 395-U1554G-2H-1
TEXT_ID_LIST# SECT12466821
LENGTH cm# 151.0
OFFSET cm# 90
TRAY# titanium
DETDESC# ASPEC 927, SN 7022364, Version 0927-002, NaI
COMMENTS#
AP# 
IMS 14.0
INSTRUMENT_GROUP# NGR System
$DATE_MEA:
06/28/2023 12:25:19
$MEAS_TIM:
300.000 300.160
$DATA:
0 1023
       0
       0
       0
       0
       0
       0
       0
       0
       0
       0
      10
      21
      30
      21
      18
      21
      12
      14
      17
      21
      17
      26
      32
      40
      24
      31
      32
      36
      52
      38
      57
      47
      44
      34
      45
      43
      30
      31
      43
      36
      42
      30
      41
      43
      40
      39
      38
      49
      33
      54
      43
      37
      30
      44
      48
      33
      38
      35
      37
      27
      45
      46
      46
      49
      33
      36
      42
      38
      34
      49
      39
      31
      41
      48
      37
      54
      46
      42
      42
      44
      50
      42
      49
      37
      57
      50
      40
      49
      45
      33
      33
      45
      43
      21
      35
      26
      29
      23
      37
      36
      34
      28
      36
      35
      36
      34
      28
      25
      25
      31
      38
      23
      27
      27
      18
      29
      29
      39
      35
      37
      22
      39
      33
      31
      32
      19
      25
      29
      22
      17
      18
      17
      22
      20
      12
      17
      20
      13
      20
      18
      22
      21
      11
      13
      16
      12
       6
      13
      13
      16
      15
      15
      11
      19
      12
      19
      13
      17
       7
      21
      12
      11
      13
      12
      14
      16
      16
      19
      14
       9
      18
      19
      11
      15
      15
      21
      17
      12
      29
      15
       8
      18
      14
      15
      14
       7
      18
      13
      14
       8
      14
      18
      12
      19
      15
      15
      14
      16
      24
      18
      20
      14
      22
      20
      13
      25
      16
      19
      10
      15
      15
      13
      17
      17
      18
      11
      18
      19
      11
      10
       7
       8
      11
      11
      12
      17
      11
       7
       9
      12
      10
       9
       9
       9
      12
      11
       7
       8
       9
       9
      10
       6
       5
       6
      10
      10
      10
      12
      16
       7
       6
      11
      11
      10
      11
      12
       6
      10
       5
       6
      13
      11
      13
      10
       7
       5
       7
       8
       8
      14
       4
       7
      13
       7
      10
       7
       6
      12
       9
      10
       6
       4
       5
       9
       8
      11
       3
       9
       8
       7
      10
      10
      12
      11
       8
      12
       6
      10
       7
      14
       7
       4
       9
      11
       7
       6
      12
      14
       8
      14
      16
       9
      11
      12
       9
      14
      12
      10
      10
       7
      13
       5
       5
      11
       6
       6
       6
       9
      10
      22
       6
       6
       5
       8
      11
      11
       8
       5
       7
       9
      10
       8
       2
       8
       7
      13
       9
      10
       5
       5
      11
       5
       1
      11
       5
       8
       7
      14
       8
       6
       6
       9
       7
       5
       3
       5
       8
       4
       5
      10
       5
      11
       5
       8
       5
       5
      13
       8
      10
       9
       6
       8
       8
       5
      12
       9
       6
       5
       7
       9
       6
       7
       7
       4
      10
       8
       5
      13
       7
       5
       9
       6
       3
       6
       6
       6
       6
       2
       5
       7
       1
       3
       7
       3
       5
       4
       9
       2
       5
       6
       5
       7
       3
       4
       9
       6
       4
       3
       2
       3
       6
       3
       1
       3
       3
       1
       4
       7
       4
       4
       4
       1
       2
       4
       1
       3
       7
       6
       7
       7
       7
       8
       7
       2
       4
       8
       9
       5
       7
       7
       9
       8
       8
       6
       7
      13
      11
      11
      17
      13
      14
      21
      18
      10
      13
      20
      18
      25
      21
      19
      19
      18
      22
      21
      28
      20
      25
      13
      17
      14
      20
      17
      18
      17
      19
      12
      15
       7
       9
      14
      13
       6
      11
       7
      12
       6
      12
       6
       9
       2
       6
      11
       7
       6
       6
       7
       4
       3
       5
       3
       4
       1
       3
       3
       4
       2
       4
       3
       3
       4
       7
       2
       7
       2
       0
       3
       3
       3
       3
       1
       0
       1
       0
       1
       1
       2
       2
       2
       1
       2
       2
       5
       2
       3
       0
       0
       3
       4
       3
       4
       0
       7
       2
       5
       5
       0
       0
       5
       1
       2
       3
       3
       4
       4
       3
       6
       1
       1
       3
       4
       1
       1
       0
       5
       2
       1
       3
       1
       3
       3
       1
       1
       5
       2
       4
       7
       4
       4
       1
       2
       0
       0
       4
       2
       0
       1
       1
       0
       2
       0
       4
       2
       0
       1
       1
       0
       0
       1
       1
       1
       0
       1
       1
       1
       1
       1
       0
       0
       0
       1
       1
       1
       0
       1
       1
       0
       1
       0
       3
       0
       1
       0
       0
       1
       1
       0
       0
       1
       1
       1
       2
       1
       1
       0
       1
       1
       0
       1
       0
       0
       1
       1
       2
       0
       1
       1
       1
       1
       0
       0
       2
       2
       2
       1
       1
       1
       0
       0
       1
       1
       0
       1
       0
       1
       1
       1
       3
       1
       0
       0
       2
       2
       3
       0
       1
       1
       1
       0
       2
       0
       1
       0
       1
       1
       1
       0
       0
       1
       1
       0
       1
       0
       0
       1
       1
       1
       1
       0
       2
       1
       0
       0
       1
       5
       2
       0
       0
       0
       0
       1
       2
       0
       0
       0
       2
       3
       0
       2
       1
       1
       1
       0
       0
       1
       0
       1
       0
       1
       0
       3
       0
       0
       0
       1
       1
       1
       0
       0
       1
       0
       0
       0
       1
       0
       2
       0
       1
       0
       0
       4
       1
       0
       1
       0
       0
       1
       0
       2
       2
       1
       1
       1
       1
       0
       1
       1
       0
       2
       1
       1
       1
       1
       0
       0
       0
       3
       0
       0
       0
       2
       0
       0
       1
       2
       1
       0
       0
       0
       0
       0
       2
       2
       2
       1
       0
       1
       3
       2
       1
       1
       1
       1
       1
       1
       0
       0
       2
       1
       1
       0
       1
       2
       1
       1
       2
       0
       1
       3
       2
       2
       0
       1
       1
       2
       2
       0
       0
       1
       0
       1
       1
       0
       1
       0
       1
       1
       2
       1
       2
       1
       2
       1
       1
       4
       1
       1
       0
       3
       0
       0
       2
       0
       1
       0
       1
       0
       0
       0
       0
       3
       0
       1
       2
       1
       0
       0
       0
       0
       0
       1
       1
       1
       0
       0
       0
       0
       0
       1
       0
       1
       2
       0
       1
       1
       0
       1
       1
       1
       1
       0
       0
       0
       0
       2
       1
       0
       0
       1
       0
       0
       0
       1
       1
       0
       1
       3
       0
       0
       2
       1
       0
       1
       0
       1
       0
       0
       1
       0
       1
       0
       1
       0
       1
       0
       0
       0
       0
       0
       1
       1
       0
       0
       1
       0
       0
       0
       0
       0
       0
       1
       0
       0
       1
       0
       0
       0
       0
       0
       0
       0
       0
       0
       0
       0
       0
       1
       1
       0
       1
       0
       0
       2
       0
       0
       0
       0
       2
       0
       0
       0
       0
       0
       0
       0
       0
       0
       0
       0
       1
       0
       0
       0
       1
       0
       0
       0
       0
       0
       0
       0
       0
       0
       0
       0
       0
       0
       0
       0
       0
       0
       0
       0
       0
       0