$SPEC_ID:
FILENAME# 395-U1554G-2H-1_60cm_SECT12466821_20230628123026_NaI_5.SPE
$SPEC_REM:
DET# 5
TYPE# Sample
LABEL_ID_LIST# 395-U1554G-2H-1
TEXT_ID_LIST# SECT12466821
LENGTH cm# 151.0
OFFSET cm# 60
TRAY# titanium
DETDESC# ASPEC 927, SN 06341987, Version 0927-002, NaI
COMMENTS#
AP# 
IMS 14.0
INSTRUMENT_GROUP# NGR System
$DATE_MEA:
06/28/2023 12:30:26
$MEAS_TIM:
300.000 300.180
$DATA:
0 1023
       0
       0
       0
       0
       0
       0
       0
       0
       1
      13
      30
      23
      22
      13
      18
      20
      17
      21
      13
      16
      21
      25
      48
      40
      42
      26
      43
      42
      67
      57
      37
      55
      44
      50
      30
      32
      32
      31
      41
      45
      28
      38
      43
      30
      41
      42
      49
      45
      39
      41
      42
      45
      47
      37
      46
      37
      31
      36
      46
      37
      42
      41
      43
      38
      36
      36
      45
      30
      46
      45
      40
      39
      39
      45
      43
      32
      34
      39
      32
      52
      45
      46
      46
      41
      44
      56
      54
      48
      45
      35
      36
      45
      29
      23
      22
      37
      39
      21
      37
      27
      31
      32
      41
      33
      35
      33
      30
      29
      24
      19
      20
      25
      21
      23
      36
      31
      23
      38
      33
      32
      32
      35
      30
      35
      38
      27
      22
      23
      18
      18
      22
      20
      14
      10
      12
      14
      12
      16
      17
      17
      19
      17
      15
      14
      18
      14
      16
      16
      13
      13
      14
      14
      17
      23
      16
      20
      10
      15
      16
      17
      17
      16
      13
      19
      13
      17
      13
      14
      17
      17
      16
      10
      22
      12
      12
      14
      21
       9
      15
      15
      11
      11
      11
      14
      14
       9
       5
      13
      14
      12
      16
      13
      23
      19
      20
      19
       9
      15
      20
      19
      20
      13
      23
      20
      21
      13
      23
      27
      28
      13
      25
      20
      15
       9
      11
      15
      20
       9
      13
      10
      13
       6
      12
      11
       8
      10
      11
       8
       7
      10
      13
       8
      10
       9
       8
      10
       7
       9
      10
       8
       9
      10
      11
       5
       7
      15
      12
      12
      10
       8
      12
       7
       7
       8
      11
      10
       8
       9
       7
       5
      13
       8
      11
      16
      12
       8
       9
      10
      12
       8
       9
      10
      13
       8
       7
      16
      15
       9
      10
      10
      11
       7
      13
      13
       9
       9
       8
      11
       5
       9
      10
      14
       3
      12
       8
      14
       6
      14
       7
       9
       9
      11
       7
      10
       9
       9
      12
       8
       9
      11
       5
       8
      17
       5
      12
       7
       6
       9
      10
       7
      12
       8
       7
       8
       7
      13
       6
       9
      12
       4
       8
      10
      11
       7
      11
      13
       9
       6
       5
       8
      11
       7
       9
       4
       7
      12
       6
      14
       4
       8
       4
       6
       6
       7
       6
      11
       3
       4
       9
      10
       5
      10
      10
       3
       8
      12
       7
       9
      10
       4
       5
       8
       6
      14
       5
      13
       7
      16
       8
       6
       8
       8
       9
       9
       5
       3
       3
       5
      11
       6
       9
       4
       7
       5
       4
       6
       7
       9
       9
       7
       6
      10
       3
       6
       7
       5
      12
       4
       3
       4
      10
       5
       5
       6
       6
       2
       3
       4
       6
       3
       4
       2
       4
       4
       1
       3
       4
       2
       3
       7
       3
       2
       2
       2
       3
       2
       5
       3
       5
       4
       3
       1
       1
       5
       4
       3
       1
       5
       3
       5
       8
       7
       7
       5
       8
       6
       3
       6
       8
       9
       5
      13
       9
       9
       7
      14
      13
       9
      11
      14
      22
      14
      13
      15
      19
      26
      24
      16
      25
      28
      13
      25
      29
      17
      20
      20
      26
      16
      23
      16
      16
      17
      21
      18
      17
      11
      13
      16
       7
       9
       9
       8
       8
       7
      14
       3
       5
       7
       7
       4
       8
       5
       5
       4
       1
       4
       5
       3
       1
       3
       4
       4
       0
       2
       6
       0
       5
       1
       1
       3
       1
       2
       3
       0
       2
       3
       4
       1
       1
       2
       0
       2
       2
       1
       0
       2
       2
       2
       3
       3
       4
       0
       2
       0
       1
       0
       0
       3
       3
       1
       2
       2
       0
       4
       5
       5
       3
       2
       2
       2
       1
       3
       1
       6
       1
       0
       0
       2
       1
       1
       1
       1
       6
       0
       2
       0
       1
       1
       0
       2
       3
       3
       2
       3
       6
       1
       2
       1
       2
       2
       0
       2
       1
       1
       4
       0
       1
       1
       1
       1
       1
       0
       0
       2
       2
       0
       1
       1
       0
       0
       0
       1
       0
       0
       1
       0
       2
       1
       1
       2
       0
       0
       0
       2
       0
       2
       1
       0
       0
       0
       2
       1
       1
       1
       1
       1
       1
       0
       1
       1
       1
       2
       0
       1
       1
       0
       0
       0
       0
       0
       0
       0
       0
       2
       1
       0
       1
       1
       0
       0
       1
       2
       1
       2
       0
       0
       1
       1
       1
       1
       0
       1
       1
       0
       0
       0
       2
       4
       1
       2
       2
       0
       1
       3
       1
       1
       1
       1
       0
       2
       0
       1
       2
       0
       0
       1
       1
       0
       1
       1
       1
       3
       0
       0
       2
       0
       2
       2
       3
       1
       2
       3
       0
       2
       0
       0
       0
       0
       1
       0
       1
       1
       0
       1
       2
       1
       1
       0
       2
       0
       1
       0
       0
       0
       0
       1
       1
       2
       2
       0
       0
       0
       0
       1
       0
       2
       1
       1
       0
       0
       0
       0
       0
       0
       1
       0
       0
       0
       0
       0
       1
       1
       1
       1
       0
       0
       0
       0
       0
       2
       2
       0
       1
       0
       0
       0
       0
       0
       0
       0
       0
       0
       0
       0
       0
       2
       1
       1
       0
       0
       2
       0
       1
       0
       0
       0
       1
       1
       1
       0
       1
       2
       1
       1
       0
       0
       0
       0
       0
       1
       0
       0
       1
       1
       0
       0
       1
       1
       0
       0
       1
       2
       3
       1
       0
       0
       1
       1
       2
       0
       1
       0
       0
       2
       2
       3
       2
       2
       2
       0
       1
       2
       3
       1
       2
       0
       1
       2
       0
       0
       3
       1
       2
       1
       3
       0
       0
       1
       3
       2
       1
       0
       3
       1
       0
       1
       0
       2
       3
       1
       0
       1
       1
       1
       1
       0
       2
       0
       1
       0
       1
       0
       0
       0
       1
       0
       0
       0
       0
       1
       0
       0
       0
       1
       0
       1
       2
       3
       0
       1
       0
       2
       0
       0
       0
       0
       1
       2
       0
       0
       0
       0
       0
       0
       1
       2
       0
       0
       0
       0
       0
       0
       0
       0
       0
       0
       1
       1
       1
       0
       0
       0
       0
       2
       0
       1
       0
       0
       0
       1
       1
       0
       0
       1
       1
       0
       0
       2
       0
       0
       1
       0
       0
       0
       2
       1
       0
       0
       0
       0
       0
       1
       0
       2
       0
       0
       0
       1
       0
       0
       0
       0
       0
       0
       0
       0
       0
       1
       0
       0
       1
       0
       0
       3
       0
       1
       0
       1
       0
       2
       1
       0
       2
       0
       2
       0
       1
       1
       0
       0
       0
       0
       0
       0
       0
       0
       0
       0
       0
       0
       0
       0
       0
       0