$SPEC_ID:
FILENAME# 395-U1554G-2H-1_20cm_SECT12466821_20230628123026_NaI_7.SPE
$SPEC_REM:
DET# 7
TYPE# Sample
LABEL_ID_LIST# 395-U1554G-2H-1
TEXT_ID_LIST# SECT12466821
LENGTH cm# 151.0
OFFSET cm# 20
TRAY# titanium
DETDESC# ASPEC 927, SN 19093002, Version 0927-002, NaI
COMMENTS#
AP# 
IMS 14.0
INSTRUMENT_GROUP# NGR System
$DATE_MEA:
06/28/2023 12:30:26
$MEAS_TIM:
300.000 300.340
$DATA:
0 1023
       0
       0
       0
       0
       0
       0
       0
       0
       0
       0
      26
      18
      22
      21
      21
      17
      15
      14
      24
      24
      24
      40
      41
      32
      33
      35
      49
      42
      50
      49
      39
      52
      40
      43
      40
      33
      33
      34
      30
      44
      24
      38
      41
      37
      39
      31
      46
      35
      39
      49
      30
      43
      47
      40
      36
      47
      37
      49
      37
      44
      27
      46
      27
      41
      50
      47
      39
      32
      36
      38
      40
      37
      53
      28
      35
      42
      44
      47
      33
      32
      43
      56
      56
      53
      47
      37
      54
      42
      41
      32
      36
      24
      23
      26
      34
      35
      36
      29
      30
      22
      37
      40
      43
      27
      26
      30
      15
      31
      29
      22
      19
      17
      22
      23
      24
      28
      26
      30
      29
      26
      39
      26
      25
      19
      35
      17
      21
      17
      19
      17
      15
      13
      15
      20
      13
      19
      16
      12
       9
      16
      18
      18
      10
      20
      21
      12
      14
      15
       9
      12
      21
      11
      16
      13
      19
      16
      16
      15
      14
      12
      26
      15
      11
      21
      14
      10
      14
      14
      15
      19
      14
      12
      18
      15
      19
      10
      15
      17
       8
      15
      10
      16
      15
      11
      10
       7
       5
      13
      10
      12
       9
      16
       5
      10
      15
      17
      12
      14
      13
      11
      19
      17
      15
      19
      20
      21
      16
      22
      15
      17
      16
      20
      19
      18
      15
      11
       9
      17
      20
      11
      11
      10
       3
      12
      14
      11
       6
       8
       6
      11
       9
       5
      10
       7
       5
       7
      11
       8
       6
      11
       9
      15
      10
       9
       7
       4
       8
       9
       7
      13
      12
       5
       8
       7
      15
       6
      14
       6
      12
       7
       8
      12
       9
       6
       7
      10
       8
       6
       5
      15
       8
       9
      15
      10
      10
       9
       5
       9
       6
       8
       6
       9
       8
       9
       7
       6
       7
       8
      10
      11
       4
      13
       6
       8
       7
      10
       9
       9
       8
       6
       7
       9
      10
       6
      10
       8
      15
       9
       9
       7
      10
      14
      21
       7
       6
      10
       8
      13
      10
       7
       9
      12
       5
       4
      12
       6
      13
       5
       6
       4
       9
       7
      12
       8
       8
       8
       7
       7
       5
       7
       3
      10
       8
      11
       7
       4
       7
       2
       3
       3
       4
       8
       8
       4
       6
       6
       5
       4
       3
       7
       9
       5
       5
       7
      11
       9
       3
      10
       7
      11
       8
       4
       8
       8
       5
       7
       9
      13
       7
       8
       5
       6
       9
       6
       5
       8
       2
       5
      10
      10
       4
       7
       6
       6
       6
       8
       7
       5
       6
       8
       6
       3
       5
       8
       9
       7
       8
       7
       9
       3
       3
       4
       2
       9
       4
       1
       5
       4
       7
       5
       4
       3
       6
       4
       8
       6
       1
       5
       3
       1
       6
       4
       8
       4
       2
       7
       5
       7
       3
       1
       4
       5
       4
       4
       3
       6
       3
       4
       6
       4
       7
       8
       6
       6
       3
       4
       7
       4
       5
       7
       3
       8
       9
       6
       8
       8
       7
      10
      11
      13
      12
      12
      13
      12
      15
      15
      13
      31
      18
      24
      10
      19
      25
      22
      22
      18
      21
      25
      16
      13
      21
      26
      18
      17
      14
      19
      10
      25
       9
      11
      17
       8
       5
      10
       8
      14
       9
       9
       8
       5
       4
      12
       6
       8
       5
       2
       6
       6
       2
       4
       3
       6
       2
       5
       2
       1
       5
       3
       2
       5
       1
       0
       1
       2
       1
       2
       2
       0
       3
       4
       1
       3
       3
       1
       2
       1
       2
       3
       0
       2
       1
       0
       1
       3
       2
       3
       3
       2
       5
       0
       1
       0
       0
       0
       1
       2
       3
       2
       2
       3
       2
       2
       0
       5
       3
       0
       2
       1
       3
       0
       5
       2
       2
       6
       3
       4
       3
       3
       1
       4
       3
       6
       2
       2
       1
       0
       2
       2
       2
       1
       1
       1
       2
       1
       2
       1
       0
       1
       3
       0
       1
       3
       1
       2
       1
       1
       1
       1
       2
       2
       2
       1
       2
       2
       2
       1
       2
       1
       2
       3
       1
       1
       1
       0
       0
       0
       0
       2
       5
       1
       1
       4
       1
       0
       0
       2
       2
       1
       1
       1
       1
       1
       1
       0
       1
       1
       1
       1
       1
       2
       2
       2
       2
       1
       0
       1
       2
       2
       2
       1
       1
       1
       1
       0
       0
       2
       1
       1
       0
       1
       1
       1
       2
       3
       0
       0
       0
       0
       0
       1
       3
       0
       0
       1
       1
       1
       0
       2
       1
       1
       1
       0
       2
       0
       0
       1
       2
       1
       5
       2
       2
       0
       1
       1
       2
       2
       0
       4
       0
       1
       1
       0
       1
       2
       2
       1
       0
       3
       0
       2
       1
       1
       0
       0
       0
       0
       2
       1
       2
       0
       0
       0
       1
       0
       0
       2
       1
       0
       0
       0
       0
       1
       0
       2
       0
       1
       1
       2
       1
       0
       2
       1
       0
       1
       3
       0
       0
       0
       0
       2
       3
       0
       1
       2
       0
       1
       2
       0
       2
       1
       1
       0
       1
       0
       1
       0
       0
       0
       2
       0
       0
       1
       0
       0
       1
       0
       2
       0
       0
       1
       1
       1
       2
       1
       1
       4
       0
       0
       0
       0
       0
       0
       2
       0
       0
       1
       0
       2
       0
       0
       1
       1
       1
       0
       1
       1
       1
       0
       2
       2
       0
       0
       3
       0
       0
       0
       0
       1
       1
       2
       1
       0
       1
       1
       1
       0
       2
       2
       0
       1
       0
       0
       2
       4
       0
       4
       0
       0
       1
       0
       1
       0
       3
       2
       2
       1
       1
       1
       2
       1
       2
       1
       1
       1
       0
       1
       2
       4
       0
       2
       0
       0
       2
       0
       0
       1
       0
       0
       0
       0
       0
       1
       0
       1
       1
       1
       1
       0
       0
       0
       0
       3
       0
       1
       1
       0
       0
       1
       1
       0
       1
       0
       0
       1
       1
       0
       1
       2
       0
       1
       0
       0
       0
       0
       0
       0
       0
       0
       0
       0
       0
       0
       1
       1
       0
       0
       0
       2
       1
       0
       0
       2
       1
       1
       0
       0
       0
       0
       1
       0
       0
       0
       1
       1
       0
       1
       0
       0
       2
       0
       0
       1
       0
       0
       0
       0
       0
       0
       0
       3
       0
       1
       0
       2
       0
       0
       0
       0
       0
       0
       0
       0
       0
       0
       1
       0
       0
       0
       0
       0
       0
       0
       0
       0
       1
       0
       0
       0
       0
       0
       0
       1
       0
       0
       0
       1
       0
       0
       0
       0
       0
       0
       0
       0
       0
       0
       0
       0
       0
       0
       0
       0
       0
       0