$SPEC_ID:
FILENAME# 395-U1554G-2H-1_80cm_SECT12466821_20230628123026_NaI_4.SPE
$SPEC_REM:
DET# 4
TYPE# Sample
LABEL_ID_LIST# 395-U1554G-2H-1
TEXT_ID_LIST# SECT12466821
LENGTH cm# 151.0
OFFSET cm# 80
TRAY# titanium
DETDESC# ASPEC 927, SN 7022364, Version 0927-002, NaI
COMMENTS#
AP# 
IMS 14.0
INSTRUMENT_GROUP# NGR System
$DATE_MEA:
06/28/2023 12:30:26
$MEAS_TIM:
300.000 300.160
$DATA:
0 1023
       0
       0
       0
       0
       0
       0
       0
       0
       0
       0
      18
      24
      30
      31
      18
      17
      15
      20
      20
      19
      19
      17
      28
      29
      41
      34
      39
      48
      43
      53
      50
      73
      53
      45
      46
      44
      45
      33
      29
      36
      38
      38
      33
      39
      43
      39
      48
      38
      38
      45
      44
      54
      42
      45
      47
      31
      52
      45
      44
      50
      37
      37
      41
      44
      34
      47
      27
      31
      42
      51
      43
      39
      52
      36
      40
      37
      43
      44
      36
      37
      46
      42
      52
      56
      61
      57
      35
      60
      61
      38
      38
      40
      31
      36
      37
      35
      35
      28
      28
      36
      32
      29
      38
      26
      35
      36
      26
      46
      23
      43
      24
      20
      26
      26
      25
      27
      24
      25
      33
      37
      38
      33
      21
      36
      28
      41
      28
      33
      25
      27
      23
      18
      15
      16
      15
       8
      15
      16
      13
      17
      15
      13
      17
      17
      12
      14
      19
      13
      13
      19
      11
      14
      14
      14
      11
      13
       5
      13
      10
      10
      18
       9
      12
      11
      15
      18
      15
      19
      13
      10
      16
      21
      14
      14
      17
      21
      15
      22
      13
      15
      14
      14
      12
      19
      12
       8
      12
      12
      14
      16
      13
      12
      13
       6
      16
      12
      14
      19
      11
      17
      27
      18
      21
      25
      18
      20
      18
      14
      16
      17
      16
      17
      13
      16
      17
      14
      11
       9
      26
       8
      10
      10
      11
      13
      12
      15
       6
      11
      14
      10
      10
       7
       7
       7
       8
      15
      10
      13
      13
       6
       8
      13
       8
      11
      10
       9
      15
      12
       6
      15
       8
       7
      11
      12
      11
      13
       5
      10
       8
      11
      10
       9
      10
       7
      12
       8
       8
       5
       9
      14
      12
       9
       2
       7
       9
       8
       7
      17
      11
       6
      10
       5
       8
       6
       7
      10
       3
       9
      10
       9
       6
      10
      11
      14
      11
       6
       6
       9
       9
      13
       5
       9
       8
       6
       9
       6
      11
      10
      15
      11
      11
      12
      10
      14
       9
       6
      11
      10
       6
       5
       8
       7
      10
       7
       7
       8
       6
      10
       9
       6
       8
       7
       5
       8
       8
       8
      10
       6
       3
       6
       3
       8
       9
       5
       4
       6
       8
       9
       5
       6
       4
       6
       5
       8
      11
       9
       3
       6
       6
       3
       5
      13
      10
      10
       5
       5
      11
       9
       4
       6
      10
       6
       4
       5
       7
       6
       6
      10
       8
       7
       6
       6
       7
       3
      10
       6
       8
      10
       5
       4
       7
       6
      11
       8
       9
       8
       6
       5
       4
       5
       5
       7
       5
       7
       5
       3
       5
       2
      12
       3
       8
       2
       5
       4
       8
       3
       9
       4
       8
       4
       8
       3
       4
       3
       4
       9
       5
       8
       3
       5
       5
       3
       5
       6
       6
       6
       4
       3
       4
       3
       1
       6
       6
       2
       4
       3
       4
       6
       7
       3
       4
       6
       5
       3
       6
       7
       7
      10
       5
       6
       6
       7
      11
       7
      14
      16
       7
       7
      15
      17
      14
      17
      17
      15
      14
      21
      15
      23
      28
      16
      18
      16
      16
      25
      22
      20
      15
      18
      24
      18
      16
      17
      19
      11
      18
      12
      14
      22
      13
      10
       7
      10
       8
       7
      12
      10
       1
      14
      12
       5
       3
      10
       7
       6
       4
       8
       2
       3
       4
       3
       4
       6
       2
       2
       4
       5
       2
       3
       1
       4
       2
       2
       3
       1
       4
       1
       2
       4
       1
       1
       2
       5
       1
       2
       1
       2
       2
       1
       2
       0
       4
       3
       3
       0
       5
       2
       1
       2
       0
       3
       2
       3
       2
       3
       1
       3
       5
       4
       3
       6
       2
       3
       5
       3
       5
       1
       4
       1
       5
       3
       4
       5
       3
       3
       2
       1
       2
       2
       0
       3
       2
       5
       0
       1
       4
       1
       1
       2
       2
       5
       5
       1
       3
       3
       3
       2
       3
       5
       0
       2
       1
       0
       1
       2
       1
       2
       5
       0
       2
       0
       1
       2
       0
       1
       0
       0
       3
       1
       0
       1
       2
       2
       1
       4
       3
       0
       1
       1
       1
       0
       2
       2
       2
       1
       0
       2
       1
       0
       1
       2
       2
       1
       0
       1
       1
       0
       1
       1
       0
       1
       2
       1
       0
       1
       1
       1
       0
       0
       1
       1
       3
       1
       1
       1
       2
       0
       1
       2
       2
       1
       1
       1
       1
       2
       0
       1
       1
       1
       0
       2
       0
       0
       1
       2
       1
       1
       3
       1
       0
       2
       2
       0
       0
       1
       0
       2
       1
       0
       2
       1
       0
       0
       2
       0
       5
       2
       1
       0
       1
       3
       1
       1
       0
       3
       1
       0
       0
       3
       0
       3
       1
       0
       0
       4
       1
       1
       0
       0
       1
       2
       2
       2
       0
       0
       1
       0
       1
       0
       0
       2
       0
       0
       1
       1
       3
       2
       0
       1
       0
       3
       2
       0
       0
       1
       3
       0
       0
       0
       2
       2
       0
       4
       0
       2
       1
       0
       2
       1
       1
       1
       2
       2
       0
       1
       0
       1
       0
       0
       1
       0
       1
       0
       1
       0
       2
       0
       0
       2
       0
       1
       0
       0
       0
       0
       1
       1
       0
       3
       0
       1
       1
       0
       0
       1
       0
       0
       0
       1
       0
       1
       1
       0
       0
       0
       1
       1
       1
       1
       1
       1
       1
       2
       0
       0
       1
       1
       2
       0
       2
       1
       0
       0
       2
       0
       0
       1
       1
       1
       3
       2
       1
       2
       0
       1
       0
       1
       2
       1
       2
       0
       1
       0
       3
       0
       1
       1
       1
       1
       1
       2
       1
       0
       0
       2
       0
       0
       0
       0
       0
       0
       2
       3
       1
       0
       0
       2
       0
       0
       0
       0
       0
       1
       0
       0
       0
       2
       0
       2
       0
       0
       4
       0
       1
       0
       2
       0
       3
       1
       0
       0
       0
       0
       0
       2
       2
       0
       0
       0
       0
       0
       0
       0
       0
       0
       0
       0
       0
       0
       0
       0
       1
       0
       0
       1
       0
       0
       0
       1
       0
       2
       1
       0
       0
       0
       0
       0
       0
       0
       0
       1
       1
       0
       0
       1
       0
       1
       1
       0
       0
       1
       1
       0
       0
       0
       1
       0
       0
       0
       0
       0
       1
       0
       0
       0
       0
       0
       0
       0
       0
       1
       0
       0
       1
       0
       1
       1
       1
       0
       0
       0
       0
       0
       0
       0
       1
       1
       0
       0
       0
       0
       0
       1
       0
       0
       0
       1
       0
       1
       0
       0
       0
       0
       0
       0
       0
       0
       0
       0
       0
       0
       0
       0
       0
       0