$SPEC_ID:
FILENAME# 395-U1554G-2H-1_100cm_SECT12466821_20230628123026_NaI_3.SPE
$SPEC_REM:
DET# 3
TYPE# Sample
LABEL_ID_LIST# 395-U1554G-2H-1
TEXT_ID_LIST# SECT12466821
LENGTH cm# 151.0
OFFSET cm# 100
TRAY# titanium
DETDESC# ASPEC 927, SN 7022364, Version 0927-002, NaI
COMMENTS#
AP# 
IMS 14.0
INSTRUMENT_GROUP# NGR System
$DATE_MEA:
06/28/2023 12:30:26
$MEAS_TIM:
300.000 300.180
$DATA:
0 1023
       0
       0
       0
       0
       0
       0
       0
       0
       0
       0
       9
      28
      26
      23
      19
      15
      17
      15
      18
      27
      23
      31
      37
      33
      36
      42
      41
      44
      44
      46
      46
      47
      49
      47
      32
      40
      38
      29
      50
      34
      37
      33
      40
      36
      43
      59
      44
      49
      39
      47
      46
      36
      38
      43
      37
      45
      34
      37
      45
      30
      43
      39
      40
      55
      43
      44
      35
      32
      32
      47
      28
      37
      52
      37
      40
      40
      45
      31
      43
      34
      47
      45
      47
      44
      44
      48
      46
      38
      42
      35
      35
      33
      52
      48
      32
      27
      31
      31
      29
      33
      31
      44
      33
      33
      30
      31
      25
      23
      32
      23
      25
      27
      28
      32
      24
      31
      23
      27
      26
      31
      45
      23
      33
      29
      29
      20
      26
      20
      17
      16
      22
      25
      17
      19
      17
      10
      16
       9
      16
      12
       6
      18
      17
      14
      18
       9
      19
      16
      10
      16
       9
      26
      12
      16
      11
       9
      21
       8
      10
       6
      11
       6
      15
       9
      12
      14
      16
      16
      12
       9
      12
       9
      12
      12
      13
      12
      22
      18
      14
      20
      12
      11
      11
      12
      12
      12
      10
      17
       8
      12
       9
      10
      20
      18
       9
      12
      17
      15
      17
      12
      17
      14
      19
      12
      16
      22
      22
      22
      23
      18
      18
      18
      16
       5
      17
      14
      15
      11
      11
      10
      11
      15
      13
      12
       4
       7
       9
      14
       8
       5
      10
       8
       8
      10
      10
       5
       7
       8
      12
      12
       8
       8
       5
      12
      12
      11
      12
      12
       8
       6
      10
       5
      13
      13
      10
       5
      14
       7
      10
      13
      14
      12
       8
       7
      11
       6
      10
      13
      10
      13
      14
       9
      10
      10
       8
      12
       8
       8
       5
       3
       8
       8
       8
       4
      12
       9
       6
      11
       2
       7
      11
      13
       9
       6
      16
       8
      10
       6
      12
       9
       9
       4
      11
      10
       8
       4
      13
      11
       8
       6
       6
       5
       7
       9
       8
       9
      18
       7
       7
       7
       6
       7
      11
       5
       6
      15
       3
       7
       6
      10
       3
       7
       6
      12
       7
       5
       3
       7
       4
       8
       8
       9
       8
       4
      10
       6
       8
       4
       7
       8
       5
       5
       4
       7
       8
       5
       5
       3
       5
       7
       5
       8
       8
       6
       4
       9
      12
       3
       9
      12
       8
      12
       4
       3
       6
       8
       7
       5
       9
       9
      11
       5
       7
      11
       7
       6
       3
       6
      11
       8
       6
       7
      11
       3
      11
       3
       6
       9
       7
       7
       9
       9
       6
       4
       6
       5
       8
       6
       6
       6
       3
       3
       4
       4
       4
       3
       6
       3
       7
       7
       3
       9
       4
       4
       5
       0
       2
       5
       3
       5
       4
       0
       7
       5
       7
       4
       5
       1
       6
       2
       5
       1
       5
       5
       4
       4
      10
       2
       5
       5
       9
       5
       4
       6
      11
       9
      13
      12
       9
      13
      12
      15
      14
       8
      20
      16
      27
      15
      14
      19
      18
      28
      21
      19
      18
      22
      21
      16
      22
      15
      13
      23
      19
      15
      13
      20
      17
      14
      20
      14
      13
      10
      15
       7
      15
      10
      14
      10
       6
       8
       7
       9
       6
       4
       7
       4
       4
       5
       2
       7
       4
       3
       4
       3
       0
       3
       2
       3
       1
       2
       1
       4
       3
       0
       3
       2
       4
       0
       2
       2
       4
       3
       0
       3
       0
       6
       1
       2
       3
       1
       0
       2
       4
       1
       1
       4
       4
       2
       1
       5
       1
       4
       0
       1
       3
       3
       4
       3
       2
       3
       2
       6
       0
       2
       2
       1
       3
       3
       2
       5
       2
       2
       2
       2
       3
       4
       1
       5
       2
       1
       2
       2
       0
       3
       1
       3
       1
       1
       2
       2
       2
       2
       2
       2
       1
       4
       2
       7
       0
       0
       0
       3
       2
       1
       4
       0
       0
       2
       0
       1
       0
       2
       2
       2
       2
       2
       1
       0
       2
       0
       0
       0
       1
       1
       0
       0
       1
       0
       0
       0
       0
       1
       1
       0
       0
       1
       0
       0
       2
       1
       0
       3
       0
       2
       2
       3
       1
       0
       2
       0
       1
       0
       2
       0
       4
       1
       0
       1
       0
       1
       0
       0
       1
       0
       1
       1
       2
       1
       0
       1
       1
       2
       3
       3
       2
       0
       0
       0
       0
       0
       1
       3
       0
       1
       3
       1
       2
       2
       0
       0
       0
       0
       1
       3
       1
       1
       2
       2
       3
       0
       0
       0
       1
       2
       1
       5
       1
       1
       0
       0
       0
       0
       1
       1
       1
       2
       0
       0
       1
       1
       1
       1
       2
       1
       0
       3
       2
       1
       0
       0
       1
       0
       0
       0
       1
       2
       0
       2
       1
       0
       0
       1
       1
       0
       1
       3
       2
       0
       0
       2
       0
       1
       1
       0
       1
       1
       2
       1
       0
       1
       1
       1
       1
       0
       0
       1
       0
       1
       1
       0
       0
       0
       3
       1
       0
       1
       0
       0
       2
       0
       0
       0
       2
       2
       0
       1
       0
       0
       0
       1
       0
       0
       0
       0
       1
       0
       0
       1
       1
       1
       0
       0
       0
       1
       0
       0
       1
       0
       1
       1
       0
       0
       1
       0
       0
       1
       0
       2
       2
       1
       0
       2
       0
       2
       0
       0
       0
       0
       0
       1
       0
       1
       2
       0
       2
       0
       0
       0
       2
       0
       0
       2
       2
       0
       1
       1
       1
       1
       2
       0
       6
       1
       3
       0
       1
       0
       2
       1
       2
       0
       0
       1
       1
       1
       2
       2
       1
       2
       0
       1
       1
       0
       0
       0
       0
       2
       0
       1
       0
       1
       1
       3
       1
       1
       0
       0
       0
       0
       0
       1
       1
       0
       2
       1
       0
       2
       2
       1
       0
       0
       1
       0
       2
       0
       1
       0
       0
       1
       1
       0
       0
       0
       0
       0
       0
       1
       2
       0
       2
       0
       1
       0
       0
       0
       0
       1
       1
       0
       0
       0
       0
       1
       0
       0
       0
       1
       0
       1
       0
       0
       0
       1
       1
       0
       0
       0
       0
       0
       1
       1
       0
       0
       1
       4
       2
       1
       0
       0
       0
       1
       0
       0
       0
       0
       0
       1
       0
       0
       1
       0
       0
       0
       0
       0
       0
       0
       0
       0
       1
       0
       0
       1
       1
       0
       0
       2
       0
       0
       0
       1
       1
       0
       0
       0
       0
       0
       1
       0
       0
       0
       0
       1
       0
       0
       1
       0
       0
       1
       0
       0
       0
       0
       0
       0
       0
       0
       0
       0
       0
       0
       0
       0
       0
       0