$SPEC_ID:
FILENAME# 395-U1554G-2H-1_40cm_SECT12466821_20230628123026_NaI_6.SPE
$SPEC_REM:
DET# 6
TYPE# Sample
LABEL_ID_LIST# 395-U1554G-2H-1
TEXT_ID_LIST# SECT12466821
LENGTH cm# 151.0
OFFSET cm# 40
TRAY# titanium
DETDESC# ASPEC 927, SN 06341987, Version 0927-002, NaI
COMMENTS#
AP# 
IMS 14.0
INSTRUMENT_GROUP# NGR System
$DATE_MEA:
06/28/2023 12:30:26
$MEAS_TIM:
300.000 300.180
$DATA:
0 1023
       0
       0
       0
       0
       0
       0
       0
       0
       0
      14
      11
      28
      33
      22
      16
      24
       8
      17
      26
      11
      24
      30
      24
      27
      33
      41
      37
      48
      49
      43
      47
      51
      47
      48
      41
      47
      45
      39
      40
      41
      27
      35
      31
      41
      41
      39
      46
      34
      30
      36
      43
      37
      30
      57
      50
      41
      45
      42
      50
      36
      27
      41
      42
      45
      37
      37
      41
      39
      43
      43
      40
      39
      42
      35
      41
      31
      38
      39
      43
      50
      39
      43
      45
      55
      44
      45
      49
      45
      39
      49
      51
      32
      40
      45
      25
      32
      33
      30
      38
      26
      32
      50
      39
      32
      32
      31
      31
      27
      29
      28
      26
      33
      28
      19
      24
      28
      30
      29
      34
      31
      19
      35
      34
      33
      24
      36
      21
      26
      25
      29
      25
      25
      20
      25
      20
      19
      17
      23
      17
      13
      16
      24
      17
      20
      14
      13
      18
      19
      13
      13
       9
      15
      19
      13
      18
      17
      10
      11
      12
      12
      14
      10
      13
      15
      17
      11
      17
      19
      15
      12
      13
       9
      22
      15
      11
      17
      13
      18
      18
       5
      23
      10
      14
      12
      19
       8
      16
       8
      18
       7
       9
       9
      10
      10
      19
      19
      11
      15
      14
      18
      23
      20
      24
      20
      12
      22
      21
      12
      21
      15
      19
      15
      16
      25
      11
      16
       7
      12
      18
      11
      14
      10
      10
      11
       6
       6
       9
       8
      10
      12
      10
      11
       8
       9
       4
       8
       6
       7
       6
       5
      10
      10
       6
       8
       7
      12
       4
       9
       9
      10
       9
       5
       9
       8
      14
      12
      10
      15
       7
       5
       9
       8
      11
      11
       8
       7
       7
       8
       7
      12
       9
       9
       7
      11
      10
       6
       6
       8
      11
       7
      10
       9
       5
       9
      12
      13
       9
      10
       9
       8
      10
      10
      11
      12
      10
      11
      11
       9
       3
       8
      11
       7
      11
       6
      10
       5
       6
      16
      10
      16
       9
      15
      17
       7
      10
      16
       7
       8
      15
      13
      14
      12
      14
      14
       5
       6
       6
      12
      14
       6
      12
       9
       5
       3
      10
       4
       4
       7
       9
       7
       9
       8
       6
       9
      12
       2
      10
       4
       3
       5
      13
       6
       6
       6
       5
       8
       4
       6
       3
      10
       5
       4
      13
       7
       9
       5
       7
       7
       6
      11
       9
       2
       6
      13
       5
       7
       6
       6
       6
       9
       8
       8
       5
       4
       3
       9
      11
       4
       3
       6
       7
       9
       7
       7
       4
       5
       9
       5
       9
      13
       3
       4
       6
       5
       4
       5
       5
       5
       6
      10
       8
       5
       2
       4
      10
       5
       6
       7
       6
       6
       9
       5
       8
       6
       3
       4
       3
       1
       2
       4
       5
       5
       4
       3
       4
       5
       4
       4
       4
       4
       3
       4
       4
       2
       4
       2
       8
       2
       6
       6
       5
       3
       5
       3
       7
       5
       9
       7
       8
      11
      12
       7
      11
      11
       7
       8
      18
      14
       2
      10
      11
       9
       9
       9
       7
      15
      13
      21
      17
      24
      18
      19
      14
      17
      14
      13
      21
      20
      15
      10
      17
      13
      10
      12
       7
      18
      10
      16
      14
      22
      11
      18
      11
      13
       5
       7
      10
       8
      10
      12
      12
       6
       9
       7
       9
       8
       4
       3
       3
       1
       6
       5
       6
       6
       5
       3
       1
       6
       1
       3
       5
       3
       4
       3
       5
       2
       0
       4
       5
       3
       1
       4
       4
       2
       2
       0
       2
       1
       1
       1
       2
       2
       1
       4
       3
       2
       3
       0
       2
       2
       2
       1
       1
       1
       2
       4
       1
       2
       7
       2
       2
       3
       3
       2
       2
       0
       1
       2
       9
       8
       4
       3
       1
       2
       1
       1
       5
       3
       0
       0
       1
       0
       2
       6
       2
       4
       1
       0
       1
       2
       3
       4
       2
       2
       4
       2
       3
       1
       0
       3
       2
       0
       2
       3
       4
       1
       1
       1
       3
       0
       2
       1
       0
       1
       2
       1
       3
       3
       2
       1
       3
       1
       0
       4
       1
       2
       2
       0
       0
       1
       2
       0
       2
       1
       0
       0
       0
       1
       0
       0
       0
       1
       0
       2
       2
       1
       2
       1
       1
       1
       0
       0
       0
       0
       4
       1
       0
       2
       0
       0
       1
       0
       1
       1
       1
       1
       2
       2
       0
       2
       1
       0
       0
       0
       1
       1
       2
       0
       3
       1
       0
       0
       0
       0
       2
       1
       1
       0
       2
       0
       1
       0
       3
       1
       0
       3
       1
       1
       0
       2
       2
       3
       1
       5
       2
       0
       0
       0
       0
       0
       0
       0
       1
       1
       2
       0
       1
       0
       0
       1
       1
       0
       0
       1
       1
       0
       2
       0
       1
       1
       0
       0
       1
       0
       2
       1
       1
       1
       0
       0
       0
       1
       2
       0
       0
       0
       2
       0
       1
       0
       1
       3
       0
       2
       0
       1
       1
       0
       2
       0
       0
       0
       2
       1
       1
       0
       1
       0
       1
       2
       1
       0
       0
       0
       1
       1
       1
       0
       1
       2
       0
       1
       1
       0
       2
       1
       3
       1
       3
       2
       2
       0
       0
       0
       0
       0
       0
       1
       0
       0
       0
       0
       0
       0
       1
       1
       0
       0
       0
       1
       2
       1
       2
       0
       1
       1
       2
       2
       2
       1
       2
       0
       0
       0
       0
       4
       0
       2
       1
       1
       1
       3
       2
       2
       3
       0
       1
       2
       1
       2
       0
       0
       1
       0
       3
       1
       1
       2
       1
       2
       0
       1
       2
       1
       3
       2
       0
       0
       4
       0
       3
       3
       2
       1
       4
       1
       1
       2
       2
       0
       0
       2
       0
       3
       1
       2
       1
       1
       1
       1
       0
       2
       1
       1
       1
       2
       1
       3
       0
       0
       1
       1
       0
       0
       0
       0
       0
       0
       3
       0
       2
       0
       1
       0
       0
       0
       0
       0
       0
       0
       1
       0
       1
       0
       1
       0
       0
       0
       2
       0
       1
       1
       0
       0
       0
       0
       0
       0
       0
       0
       0
       0
       0
       1
       0
       0
       0
       1
       0
       0
       0
       0
       1
       1
       0
       1
       0
       0
       1
       1
       1
       0
       0
       1
       0
       1
       0
       0
       0
       0
       0
       2
       0
       0
       0
       0
       0
       0
       0
       1
       0
       0
       0
       1
       0
       1
       0
       2
       0
       0
       0
       0
       1
       0
       0
       0
       0
       1
       1
       0
       0
       0
       0
       0
       0
       1
       0
       0
       0
       0
       0
       0
       0
       0
       0
       0
       0
       0
       0
       0
       0
       0
       0
       0