$SPEC_ID:
FILENAME# CALIB_20230621142211_NaI 4.SPE
$SPEC_REM:
DET# 4
DETDESC# ORTEC ASPEC 927, SN 7022364, Version 0927-002, NaI Detector
AP# IMS 14.0
PAIRED DATA#
Cs-137 662 keV, 227 chn
Co-60 1173 keV, 393 chn
Co-60 1332 keV, 444 chn
$DATE_MEA:
06/21/2023 14:22:11
$MEAS_TIM:
120.000 121.160
$DATA:
0 1023
0
       0
       0
       0
       0
       0
       0
       0
       0
       0
      81
      99
      91
      92
      86
      84
      86
     102
     103
      97
     112
      83
     107
     132
     112
     127
     135
     144
     149
     141
     161
     174
     175
     172
     141
     171
     173
     173
     186
     205
     184
     192
     173
     235
     221
     210
     245
     224
     214
     252
     229
     244
     258
     265
     280
     259
     277
     272
     255
     283
     255
     272
     299
     284
     282
     300
     306
     301
     293
     292
     366
     345
     299
     313
     335
     334
     344
     360
     349
     342
     337
     335
     364
     313
     322
     319
     302
     333
     273
     310
     292
     306
     317
     295
     259
     283
     306
     267
     298
     278
     259
     267
     265
     292
     261
     237
     237
     236
     271
     231
     236
     257
     245
     244
     226
     215
     252
     228
     233
     216
     257
     235
     226
     225
     214
     210
     221
     212
     221
     220
     213
     195
     226
     199
     185
     190
     200
     177
     202
     187
     181
     185
     178
     194
     180
     204
     199
     176
     206
     185
     177
     190
     175
     201
     158
     187
     168
     171
     182
     161
     178
     160
     165
     175
     168
     148
     169
     168
     141
     144
     174
     186
     140
     164
     181
     143
     141
     155
     162
     140
     141
     151
     150
     142
     161
     126
     132
     128
     136
     147
     154
     140
     138
     120
     140
     147
     134
     146
     138
     146
     141
     164
     149
     138
     132
     176
     160
     158
     171
     184
     199
     217
     263
     262
     325
     316
     375
     415
     415
     495
     552
     584
     625
     617
     654
     719
     714
     654
     674
     694
     608
     605
     590
     555
     524
     482
     435
     385
     335
     257
     229
     261
     213
     181
     129
     135
     141
     100
     108
     109
      97
      80
      99
      92
      75
      69
      76
      81
      85
      91
      75
      80
      79
      68
      75
      78
      60
      83
      78
      61
      82
      84
      76
      83
      74
      77
      78
      83
      79
      63
      79
      85
      67
      69
      89
      90
      82
      72
      94
      78
      96
      75
      67
      89
      74
      81
      79
      73
      90
      70
      86
     100
      76
      81
      74
      85
      88
      88
      83
      90
      69
      95
      79
      79
      82
      63
      68
      77
      86
      89
      86
      72
      75
      78
      66
      77
      62
      72
      80
      71
      74
      65
      65
      56
      68
      67
      87
      69
      57
      71
      76
      60
      55
      66
      74
      53
      60
      57
      67
      57
      58
      65
      51
      65
      58
      81
      50
      63
      67
      69
      61
      50
      61
      62
      70
      66
      71
      62
      78
      75
      83
     110
      98
     102
     116
     136
     130
     146
     164
     193
     180
     183
     188
     233
     240
     250
     256
     313
     311
     309
     305
     312
     319
     292
     302
     309
     326
     325
     302
     267
     289
     270
     206
     250
     195
     200
     201
     160
     171
     165
     140
     129
     119
      92
     104
      98
      76
      92
      79
      74
      85
      74
      76
      94
     107
     106
     109
     117
     128
     116
     159
     152
     155
     191
     212
     215
     196
     234
     241
     235
     257
     218
     291
     260
     220
     252
     247
     240
     244
     249
     263
     225
     225
     191
     198
     183
     145
     171
     176
     113
     149
     117
     134
     105
     110
      89
      97
      87
      49
      58
      44
      48
      38
      36
      44
      28
      26
      19
      24
      25
      24
      21
      13
      17
      15
      15
      14
       9
      15
       8
       9
      11
      12
      10
       7
      16
      10
       8
       9
      11
      14
      10
       9
       8
       7
       8
       9
       8
       7
       9
       7
       7
       7
       7
       4
       7
       6
       9
       9
      10
      12
       5
       4
       7
       7
      10
       7
      10
       7
       6
       3
       5
       8
       7
       5
       6
       6
       7
       7
       9
       4
       8
       3
       4
       4
       6
      10
       7
       6
       4
      10
      10
       2
       4
       1
       6
       7
       7
       3
       4
       5
       9
       3
       4
       5
       4
       8
       4
       7
       3
       4
       5
       6
       6
       5
       6
       3
       4
       6
       5
       8
       2
       6
       8
       3
       1
       9
       5
       8
       8
       3
       7
       0
       4
       9
       7
       5
       5
       6
       4
       1
       8
      10
       2
       5
       3
       6
       6
       5
       6
       1
       6
       4
       6
       1
       2
       0
       1
       1
       4
       4
       6
       3
       5
       1
       3
       6
       5
       3
       9
       6
       5
       4
       2
       2
       5
       5
       3
       7
       4
       5
       2
       0
       4
       2
       3
       4
       4
       4
       7
       4
       4
       3
       3
       5
       1
       3
       3
       4
       5
       2
       6
       3
       8
       5
       5
       5
       5
       5
       1
       5
       4
       3
       6
       7
       5
       1
       0
       6
       2
       8
       3
       2
       8
       5
       2
       7
       2
       3
       4
       5
       1
       3
       3
       4
       3
       1
       4
       5
       4
       4
       3
       2
       2
       3
       2
       1
       3
       1
       4
       3
       4
       1
       1
       4
       5
       4
       4
       1
       4
       4
       3
       5
       3
       1
       4
       7
       5
       6
       5
       7
       5
       3
       3
       4
       4
       2
       2
       8
       1
      10
       2
       4
       0
       3
       5
       5
       3
       2
       0
       3
       4
       3
       4
       3
       3
       5
       4
       2
       3
       2
       2
       3
       5
       6
       3
       4
       1
       2
       7
       1
       4
       3
       1
       1
       0
       4
       0
       2
       1
       6
       1
       4
       3
       6
       2
       2
       1
       2
       1
       1
       4
       1
       3
       4
       5
       0
       1
       2
       3
       3
       0
       2
       1
       2
       3
       3
       4
       4
       2
       4
       3
       3
       1
       3
       1
       3
       5
       5
       5
       4
       4
       7
       2
       3
      10
       6
       4
       7
       7
       2
       3
       9
       5
      11
       5
       8
       6
       3
       6
       9
       9
      10
       5
       5
       3
       8
       7
       8
       9
       7
       6
       6
       2
       6
       8
       7
       6
       0
       6
       1
       6
       1
       2
       4
       4
       3
       1
       1
       0
       3
       0
       1
       4
       3
       1
       1
       1
       3
       1
       0
       0
       1
       0
       0
       0
       0
       0
       0
       0
       0
       0
       0
       0
       1
       1
       0
       0
       0
       0
       0
       0
       0
       0
       0
       0
       0
       1
       1
       1
       0
       0
       0
       0
       0
       0
       0
       0
       0
       0
       0
       0
       0
       0
       0
       0
       0
       0
       0
       0
       0
       0
       0
       1
       0
       0
       0
       0
       0
       0
       0
       0
       0
       0
       1
       0
       0
       1
       0
       0
       0
       0
       0
       0
       0
       0
       1
       0
       0
       0
       0
       0
       1
       1
       0
       0
       0
       0
       0
       0
       0
       0
       0
       0
       2
       0
       0
       0
       0
       0
       0
       0
       0
       1
       0
       0
       0
       0
       0
       0
       0
       0
       0
       0
       1
       0
       1
       1
       2
       0
       0
       1
       0
       0
       0
       0
       0
       0
       0
       0
       0
       0
       0
       0
       0
       0
       0
       0
       0
       0
       0
       0
       0
       0
$ROI:
3
207 247 
373 413 
424 464
$PRESETS:
Live Time
60
0
$ENER_FIT:
-36.405273 3.080395
$MCA_CAL:
2
-36.405273 3.080395 keV
$SHAPE_CAL:
2
0 0