$SPEC_ID:
FILENAME# CALIB_20230621142211_NaI 6.SPE
$SPEC_REM:
DET# 6
DETDESC# ORTEC ASPEC 927, SN 06341987, Version 0927-002, NaI Detector
AP# IMS 14.0
PAIRED DATA#
Cs-137 662 keV, 227 chn
Co-60 1173 keV, 394 chn
Co-60 1332 keV, 446 chn
$DATE_MEA:
06/21/2023 14:22:11
$MEAS_TIM:
120.000 121.180
$DATA:
0 1023
0
       0
       0
       0
       0
       0
       0
       0
       0
      71
      91
     100
     105
      97
     109
      97
      97
      89
      98
      98
      88
      91
     127
     115
     111
     117
     144
     152
     143
     130
     162
     170
     144
     143
     149
     158
     155
     168
     158
     203
     175
     198
     226
     220
     214
     268
     225
     247
     246
     232
     250
     239
     253
     227
     267
     276
     253
     256
     265
     299
     248
     280
     259
     275
     243
     289
     322
     270
     314
     295
     329
     322
     315
     300
     324
     331
     371
     343
     329
     337
     339
     343
     338
     339
     321
     327
     324
     282
     317
     315
     281
     311
     301
     268
     294
     304
     304
     272
     265
     277
     274
     232
     254
     244
     301
     227
     265
     242
     243
     252
     253
     246
     236
     262
     247
     245
     213
     250
     210
     216
     201
     207
     249
     210
     220
     201
     184
     208
     211
     219
     211
     178
     224
     181
     201
     197
     202
     214
     207
     199
     224
     180
     181
     210
     197
     198
     176
     231
     192
     198
     180
     189
     177
     163
     183
     171
     191
     168
     160
     176
     174
     168
     169
     150
     182
     171
     163
     153
     153
     170
     155
     147
     144
     170
     163
     165
     140
     155
     157
     142
     139
     147
     156
     153
     165
     145
     147
     124
     152
     154
     139
     146
     129
     129
     136
     143
     157
     127
     134
     143
     127
     146
     128
     168
     158
     158
     164
     169
     180
     182
     207
     227
     246
     268
     282
     307
     371
     403
     384
     459
     472
     521
     528
     589
     580
     630
     568
     567
     551
     612
     550
     596
     559
     470
     465
     488
     434
     398
     373
     382
     356
     274
     258
     253
     245
     196
     172
     167
     168
     121
     118
     120
     122
      95
      92
      85
      82
      87
      70
      73
      85
      75
      71
      88
      70
      77
      73
      82
      81
      88
      81
      83
      92
      79
      70
      74
      76
      73
      84
      84
      88
      73
      73
      82
      82
     103
      68
      92
     101
      78
      83
      79
      83
      87
      70
      68
      89
      75
      72
      74
      76
      72
      86
      72
      85
      75
      81
      82
      71
      72
      79
      95
      72
      72
      83
      78
      76
      74
      74
      67
      76
      74
      63
      64
      72
      70
      67
      62
      80
      65
      70
      53
      67
      72
      69
      44
      57
      59
      65
      66
      55
      66
      69
      64
      51
      53
      66
      50
      61
      69
      48
      53
      70
      60
      58
      67
      60
      62
      64
      43
      80
      53
      55
      66
      57
      56
      74
      66
      62
      71
     100
      98
      96
     119
     105
     116
     120
     151
     143
     141
     184
     194
     187
     223
     223
     212
     228
     241
     215
     249
     261
     247
     252
     273
     254
     279
     226
     252
     278
     230
     225
     247
     222
     207
     233
     202
     208
     208
     216
     180
     166
     149
     128
     139
     137
     145
     136
     127
     119
     101
     129
     119
     137
     119
     139
     118
     132
     149
     117
     120
     153
     154
     165
     180
     186
     182
     204
     164
     211
     215
     206
     197
     184
     205
     217
     216
     230
     223
     221
     214
     216
     212
     204
     198
     169
     196
     170
     179
     161
     146
     153
     159
     136
     150
     135
     115
     116
     115
     110
     118
      86
      76
     102
      76
      68
      62
      67
      56
      63
      50
      46
      32
      49
      31
      31
      22
      27
      22
      20
      29
      20
      24
       7
      19
      23
      10
      11
      13
      14
      13
      15
      10
      13
      10
       8
      16
      10
       3
       7
       9
      10
       7
      14
       5
      12
       5
       7
       7
      19
       8
       8
       8
       7
       9
       9
       6
       9
       6
       5
       7
       4
      11
       7
       4
       7
       2
       5
       8
       4
      10
       6
       7
       5
       8
       8
       4
       4
       3
       6
       9
       5
      10
      10
       3
       7
      10
       7
       6
       4
       6
       2
       9
       6
       6
       7
       9
       3
       5
       5
       3
       4
       4
       3
       6
       3
       2
       1
       7
       7
       8
       4
      10
       7
       2
       8
       6
       5
       7
       4
       4
       4
       2
       4
       3
       3
       4
       5
       3
       3
       3
       5
       3
       3
       4
       6
       4
       1
       2
       5
       5
       5
       0
       5
       7
       3
       4
       4
       2
       6
       6
       4
       5
       5
       2
       2
       6
       6
       4
       3
       6
       1
       5
       4
       7
       1
       3
       8
       1
       4
       1
       2
       3
       3
       2
       3
       3
       4
       3
       4
       2
       5
       3
       5
       4
       7
       2
       1
       5
       6
       6
       0
       4
       2
       7
       5
       1
       4
       5
       2
       2
       8
       1
       4
       5
       5
       6
       8
       3
       1
       7
       3
       3
       4
       3
       2
       3
       3
       2
       2
       6
       4
       1
       4
       2
       3
       2
       3
       4
       3
       3
       2
       1
       1
       4
       3
       5
       5
       3
       3
       2
       3
       3
       5
       4
       2
       3
       2
       3
       3
       1
       1
       2
       5
       0
       7
       5
       3
       3
       1
       5
       2
       2
       2
       1
       4
       1
       2
       7
       3
       2
       6
       2
       2
       1
       5
       1
       2
       4
       6
       3
       1
       3
       2
       3
       3
       4
       2
       0
       4
       2
       1
       3
       2
       3
       1
       4
       3
       4
       4
       2
       1
       3
       1
       1
       3
       2
       1
       3
       6
       3
       5
       0
       1
       2
       3
       2
       1
       2
       3
       6
       4
       1
       1
       2
       3
       0
       3
       2
       2
       2
       0
       0
       0
       2
       2
       3
       0
       3
       4
       1
       5
       3
       2
       4
       4
       2
       3
       1
       2
       5
       1
       4
       9
       7
       3
       4
       7
       4
       6
       6
       9
       4
       6
       5
       8
       2
       3
       6
       6
      10
       5
       1
       4
      11
       6
       7
       8
       5
       6
      11
       9
       7
       5
       6
       9
       8
       7
       2
       3
       0
       7
       8
       7
       5
       1
       5
       3
       2
       5
       5
       2
       6
       3
       4
       2
       3
       4
       0
       1
       1
       1
       0
       0
       1
       1
       2
       0
       3
       0
       3
       1
       3
       0
       1
       0
       0
       0
       1
       0
       0
       0
       0
       1
       1
       0
       0
       1
       0
       0
       0
       0
       0
       1
       0
       0
       0
       0
       0
       0
       0
       0
       0
       0
       0
       0
       0
       0
       0
       1
       1
       0
       0
       0
       0
       0
       0
       0
       0
       0
       0
       0
       0
       0
       0
       0
       0
       0
       0
       0
       0
       0
       0
       0
       0
       0
       0
       0
       0
       0
       0
       0
       0
       0
       2
       0
       0
       0
       0
       0
       0
       0
       0
       0
       0
       0
       0
       1
       0
       0
       0
       0
       0
       0
       0
       0
       0
       0
       0
       0
       1
       0
       0
       0
       0
       1
       0
       0
       0
       0
       0
       0
       0
       0
       0
       0
       0
       0
       0
       0
       0
       0
       0
       0
       0
       0
       0
       0
       0
       0
       0
       0
       0
       0
       0
$ROI:
3
207 247 
374 414 
426 466
$PRESETS:
Live Time
60
0
$ENER_FIT:
-33.119751 3.059466
$MCA_CAL:
2
-33.119751 3.059466 keV
$SHAPE_CAL:
2
0 0