$SPEC_ID:
FILENAME# CALIB_20230621142211_NaI 1.SPE
$SPEC_REM:
DET# 1
DETDESC# ORTEC ASPEC 927, SN 7022362, Version 0927-002, NaI Detector
AP# IMS 14.0
PAIRED DATA#
Cs-137 662 keV, 226 chn
Co-60 1173 keV, 392 chn
Co-60 1332 keV, 440 chn
$DATE_MEA:
06/21/2023 14:22:11
$MEAS_TIM:
120.000 121.140
$DATA:
0 1023
0
       0
       0
       0
       0
       0
       0
       0
       0
       0
     100
      95
     103
     103
      98
      98
      73
      80
      89
      97
     105
      92
     104
     102
     109
     126
     121
     136
     141
     137
     127
     136
     160
     168
     153
     153
     154
     175
     171
     174
     165
     218
     207
     200
     254
     236
     204
     258
     267
     257
     256
     270
     258
     254
     251
     279
     256
     278
     279
     261
     303
     287
     271
     294
     280
     296
     305
     284
     306
     324
     320
     324
     305
     321
     313
     301
     333
     344
     335
     344
     278
     322
     299
     333
     356
     308
     283
     294
     325
     313
     303
     308
     279
     281
     292
     259
     289
     275
     295
     245
     300
     262
     252
     264
     248
     239
     254
     248
     280
     221
     259
     247
     250
     242
     245
     256
     205
     227
     241
     235
     219
     209
     214
     211
     216
     225
     202
     223
     216
     211
     219
     214
     203
     184
     226
     188
     210
     183
     181
     186
     208
     165
     176
     213
     182
     229
     204
     205
     181
     224
     207
     200
     194
     175
     175
     189
     193
     181
     204
     195
     166
     162
     155
     168
     159
     171
     173
     167
     162
     139
     161
     139
     164
     136
     138
     152
     165
     155
     160
     152
     156
     126
     139
     144
     151
     129
     131
     153
     145
     147
     141
     126
     132
     147
     144
     141
     148
     140
     135
     136
     167
     129
     138
     145
     167
     171
     179
     169
     179
     195
     219
     242
     270
     288
     299
     349
     344
     418
     412
     486
     500
     470
     514
     541
     551
     535
     570
     528
     544
     539
     530
     484
     465
     460
     430
     383
     396
     345
     329
     298
     253
     267
     236
     211
     183
     175
     158
     130
     115
     122
     125
     110
     113
     110
      90
     100
      92
      73
      86
      90
      84
      92
      86
      68
      78
      66
      71
      78
      68
      75
      68
      79
      70
      91
      73
      69
      78
      74
      86
      89
      80
      80
      91
      89
      83
      77
      93
      71
      92
      66
      78
      77
      92
      84
      84
      76
      83
      92
      81
      77
      78
      82
      85
      70
      82
      71
      80
      79
      94
      61
      81
      80
      73
      75
      65
      76
      65
      74
      78
      65
      65
      73
      61
      65
      79
      67
      52
      79
      68
      55
      64
      88
      65
      68
      66
      70
      64
      56
      81
      58
      63
      74
      74
      73
      65
      65
      64
      63
      52
      61
      56
      59
      52
      53
      63
      61
      62
      68
      57
      59
      70
      53
      61
      67
      66
      78
      69
      94
      88
      81
     107
     128
     112
     119
     122
     153
     150
     172
     187
     181
     177
     228
     201
     182
     195
     254
     213
     213
     228
     226
     266
     221
     268
     224
     249
     241
     220
     226
     211
     207
     200
     170
     193
     167
     185
     193
     154
     153
     144
     143
     153
     135
     136
     153
     139
     105
     107
     114
     137
     120
     101
     135
     147
     123
     140
     119
     139
     139
     163
     141
     167
     165
     148
     194
     174
     191
     206
     202
     202
     211
     200
     200
     177
     174
     195
     209
     192
     181
     166
     168
     171
     180
     161
     169
     138
     165
     141
     139
     162
     130
     140
     110
     125
      79
     111
      77
     106
     102
      79
      70
      90
      64
      76
      61
      51
      48
      44
      43
      41
      30
      29
      31
      28
      25
      32
      31
      18
      28
      17
      14
      14
      14
      16
      15
       4
      18
       5
       9
       8
       9
       9
      12
       9
      11
       9
      10
      12
       5
       8
       8
       8
       5
       6
      16
       7
       5
      13
       5
       5
       6
       5
       5
       5
       5
       8
       6
       9
       8
      13
       5
       4
       8
       7
      10
      10
       3
       4
      11
       7
      10
       7
       9
       9
       5
       7
       8
       2
       7
       8
       6
       6
       5
      10
       4
       4
       3
      11
       7
       4
       7
       6
       5
       6
       6
       6
       3
       3
       3
       9
       7
       7
       3
       3
       3
       5
       7
       5
       3
       2
       5
       8
       6
       8
       3
       4
       3
       2
       2
       6
       4
       4
       6
       5
       4
       6
       5
       4
       1
       1
       4
       6
       6
       7
       4
       6
       5
       3
       3
       2
       5
       4
       5
       6
       2
       2
       5
       5
       3
       3
       2
       3
       3
       4
       5
       1
       4
       3
       2
       3
       3
       4
       5
       1
       2
       3
       5
       4
       7
       3
       7
       1
       3
       9
       1
       8
       7
       3
       6
       6
       8
       1
       1
       2
       2
       1
       5
       3
       4
       5
       1
       6
       3
       5
       1
       7
       2
       2
       3
       2
       1
       2
       0
       3
       3
       3
       0
       2
       4
       1
       4
       2
       1
       4
       1
       1
       3
       4
       0
       7
       6
       4
       5
       2
       5
       6
       2
       4
       1
       4
       2
       5
       1
       3
       5
       0
       4
       1
       0
       2
       1
       3
       3
       3
       3
       2
       2
       5
       3
       3
       0
       3
       2
       2
       7
       5
       3
       4
       3
       1
       3
       3
       3
       4
       3
       2
       7
       3
       6
       5
       1
       7
       0
       3
       3
       4
       0
       2
       3
       3
       2
       0
       3
       5
       3
       1
       2
       2
       2
       2
       4
       2
       2
       2
       1
       0
       0
       2
       0
       2
       0
       2
       4
       3
       1
       5
       2
       3
       0
       0
       1
       3
       1
       5
       0
       1
       3
       0
       2
       1
       4
       0
       2
       2
       0
       2
       2
       2
       0
       1
       3
       4
       0
       2
       4
       1
       3
       3
       1
       4
       1
       4
       5
       3
       4
       0
       1
       3
       2
       2
       4
       7
       2
       4
       5
       8
       4
       6
       5
       6
       5
       1
       4
       4
       7
       3
       4
       4
       3
       5
       4
       6
       5
       2
       3
       5
       7
       5
       4
       2
       6
       2
       3
       1
       7
       5
       4
       5
       6
       2
       4
       5
       7
       3
       2
       6
       3
       4
       6
       3
       2
       1
       1
       0
       4
       3
       0
       2
       4
       0
       0
       4
       0
       0
       0
       0
       1
       1
       0
       1
       2
       0
       1
       0
       0
       1
       0
       1
       0
       0
       0
       0
       0
       0
       0
       0
       0
       0
       1
       1
       1
       0
       0
       0
       0
       0
       0
       0
       1
       0
       0
       0
       0
       0
       0
       0
       0
       0
       0
       0
       1
       0
       0
       0
       1
       0
       0
       1
       0
       0
       0
       0
       1
       0
       0
       0
       0
       0
       0
       0
       0
       0
       0
       0
       0
       0
       0
       1
       0
       0
       0
       0
       0
       0
       0
       0
       0
       0
       0
       0
       0
       0
       0
       1
       0
       0
       0
       1
       0
       0
       0
       0
       0
       2
       0
       0
       0
       0
       0
       0
       0
       0
       0
       0
       0
       0
       0
       0
       2
       0
       0
       0
       1
       0
       0
       0
       0
       0
       2
       0
       0
       0
       0
       0
       0
       0
       0
       0
       0
       0
       0
       0
       0
       0
       0
$ROI:
3
206 246 
372 412 
420 460
$PRESETS:
Live Time
60
0
$ENER_FIT:
-45.192416 3.127892
$MCA_CAL:
2
-45.192416 3.127892 keV
$SHAPE_CAL:
2
0 0