$SPEC_ID:
FILENAME# CALIB_20230621142211_NaI 2.SPE
$SPEC_REM:
DET# 2
DETDESC# ORTEC ASPEC 927, SN 7022362, Version 0927-002, NaI Detector
AP# IMS 14.0
PAIRED DATA#
Cs-137 662 keV, 227 chn
Co-60 1173 keV, 392 chn
Co-60 1332 keV, 444 chn
$DATE_MEA:
06/21/2023 14:22:11
$MEAS_TIM:
120.000 121.300
$DATA:
0 1023
0
       0
       0
       0
       0
       0
       0
       0
       0
       0
      79
     100
     102
      92
      93
      97
     104
      99
      96
     112
     109
     127
     118
     120
     122
     128
     147
     156
     175
     134
     146
     175
     158
     158
     182
     168
     172
     199
     178
     222
     210
     224
     213
     219
     246
     260
     218
     248
     258
     261
     225
     280
     262
     290
     280
     261
     276
     261
     301
     284
     263
     290
     292
     261
     293
     317
     315
     309
     312
     287
     340
     324
     318
     363
     327
     341
     356
     331
     367
     353
     371
     384
     352
     328
     339
     349
     329
     322
     338
     307
     331
     309
     288
     289
     274
     283
     291
     266
     289
     275
     286
     272
     263
     236
     253
     256
     235
     246
     271
     252
     253
     235
     251
     232
     252
     268
     245
     216
     230
     240
     208
     232
     230
     220
     224
     210
     196
     221
     209
     218
     209
     209
     198
     215
     214
     185
     218
     211
     197
     199
     193
     215
     206
     194
     196
     190
     181
     201
     196
     210
     194
     203
     180
     199
     177
     180
     209
     195
     181
     221
     177
     180
     161
     184
     178
     172
     149
     153
     168
     157
     163
     151
     176
     157
     131
     149
     148
     157
     169
     146
     151
     134
     158
     167
     158
     150
     143
     166
     154
     147
     154
     157
     138
     142
     117
     130
     161
     139
     139
     117
     155
     122
     155
     138
     174
     138
     161
     169
     177
     158
     193
     232
     228
     286
     279
     310
     355
     396
     474
     519
     542
     562
     612
     619
     610
     640
     722
     666
     669
     684
     636
     579
     566
     533
     461
     462
     430
     413
     354
     315
     297
     271
     249
     212
     203
     181
     152
     151
     160
     121
     110
      97
      87
      88
      77
      83
      86
      84
      68
      90
      82
      84
      84
      75
      80
      59
      76
      73
      95
      96
      77
      78
      88
      74
      90
      69
      68
      85
      80
      84
      79
      88
      74
      89
      78
      80
      81
      83
      79
      87
      84
      76
      77
      89
      78
      62
      74
      83
      66
      97
      95
      78
     101
      63
      75
      91
      68
      68
      89
      66
      93
      68
      58
      70
      74
      68
      83
      87
      80
      64
      72
      55
      62
      73
      67
      70
      74
      73
      69
      69
      64
      64
      66
      64
      63
      66
      52
      66
      62
      61
      82
      75
      58
      74
      69
      72
      70
      64
      63
      60
      67
      68
      70
      76
      62
      53
      45
      64
      77
      61
      65
      58
      81
      69
      73
      86
      68
      63
      81
      83
      83
      87
      89
     104
     108
     121
     120
     138
     156
     177
     159
     204
     211
     224
     229
     252
     265
     269
     290
     287
     307
     297
     289
     321
     258
     303
     275
     266
     272
     282
     245
     257
     215
     236
     191
     198
     190
     190
     163
     159
     153
     149
     128
     125
     106
     116
     121
     114
      89
      91
     116
     107
      99
      99
     102
     107
     133
     129
     129
     146
     151
     174
     174
     178
     201
     227
     198
     201
     216
     235
     209
     223
     219
     230
     224
     223
     264
     229
     203
     229
     217
     207
     212
     198
     181
     168
     197
     180
     153
     150
     136
     131
     127
     130
     116
     108
     121
      93
      77
      92
      80
      61
      59
      62
      77
      48
      43
      46
      36
      32
      43
      34
      20
      27
      20
      25
      23
      18
      23
      16
       7
      13
      14
      16
      12
      13
       9
      11
      11
       6
       7
      14
      12
       5
      15
       9
       7
      20
       9
       6
       9
       5
      16
      11
      13
      10
      11
       5
       7
       5
       9
       8
      14
       9
       5
       7
       8
       4
       7
       6
       3
       8
       9
       7
       6
       4
       7
       5
      10
       4
       8
       5
       7
       7
       6
       9
       2
       2
       6
       9
       8
       5
       8
       8
       6
       7
       8
       4
       5
       7
       7
       2
       4
       6
       3
       4
       4
       3
       6
       6
       4
       5
       5
       8
       9
       4
       4
       6
       9
       5
       7
       9
       7
       4
       5
       2
       4
       2
       3
       3
       6
       1
       5
       5
       2
       6
       3
       1
       4
       2
       1
       4
       3
       6
       1
       3
       3
       7
       6
       5
       1
       4
       4
       6
       4
       5
       2
       2
       3
       8
       3
       5
       4
       4
       6
       3
       2
       6
       4
       2
       2
       1
       2
       3
       3
       2
       1
       6
       2
       0
       3
       4
       4
       2
       9
       5
       3
       5
       5
       6
       4
       7
       1
       4
       5
       4
       3
       6
       5
       3
       1
       5
       1
       1
       2
       3
       6
       4
       5
       7
       3
       1
       3
       1
       4
       5
       6
       4
       4
       6
       2
       4
       4
       2
       6
       2
       2
       2
       2
       1
       5
       9
       4
       1
       4
       4
       2
       2
       6
       4
       7
      11
       5
       2
       5
       2
       2
       2
       5
       1
       1
       6
       3
       5
       4
       2
       3
       1
       4
       2
       4
       4
       2
       1
       5
       4
       3
       2
       2
       0
       3
       4
       2
       4
       3
       1
       4
       1
       3
       3
       1
       5
       4
       2
       1
       2
       2
       3
       5
       3
       5
       4
       5
       1
       1
       3
       3
       3
       5
       1
       1
       1
       0
       3
       3
       3
       4
       4
       2
       2
       2
       2
       2
       2
       7
       4
       2
       1
       4
       5
       4
       4
       3
       5
       4
       1
       2
       0
       0
       1
       2
       4
       0
       2
       0
       3
       3
       3
       1
       3
       0
       2
       1
       2
       4
       2
       2
       4
       1
       6
       2
       2
       3
       7
       4
       5
       3
       4
       3
       3
       6
       5
       7
       4
       3
       7
       1
      11
       2
       5
       7
       7
       6
      10
       7
       6
       8
      10
       6
       1
       7
       7
       5
       8
      11
       6
      14
       3
       5
       7
       9
       6
       6
       6
       6
       2
       6
       4
       6
       3
       4
       4
       7
       3
       5
       1
       4
       4
       4
       1
       1
       1
       0
       2
       4
       0
       2
       3
       1
       5
       4
       3
       0
       2
       1
       2
       0
       0
       2
       4
       0
       0
       1
       1
       0
       0
       0
       1
       0
       0
       1
       1
       2
       0
       0
       0
       0
       0
       1
       0
       0
       0
       0
       0
       0
       0
       1
       0
       0
       0
       0
       0
       0
       0
       0
       0
       0
       0
       0
       1
       0
       0
       0
       0
       0
       0
       0
       0
       0
       0
       0
       0
       0
       0
       0
       0
       0
       1
       0
       0
       0
       2
       1
       0
       0
       0
       0
       0
       0
       0
       0
       0
       0
       0
       0
       0
       0
       0
       0
       0
       0
       0
       0
       0
       0
       0
       0
       0
       0
       0
       0
       0
       0
       1
       1
       0
       0
       0
       0
       0
       0
       0
       0
       0
       0
       1
       0
       1
       0
       0
       1
       0
       0
       0
       0
       0
       0
       0
       0
       0
       0
       0
       0
       0
       0
       0
       0
       0
       0
       0
       0
       0
       0
       0
$ROI:
3
207 247 
372 412 
424 464
$PRESETS:
Live Time
60
0
$ENER_FIT:
-36.526804 3.081116
$MCA_CAL:
2
-36.526804 3.081116 keV
$SHAPE_CAL:
2
0 0