$SPEC_ID:
FILENAME# CALIB_20230621142211_NaI 7.SPE
$SPEC_REM:
DET# 7
DETDESC# ORTEC ASPEC 927, SN 19093002, Version 0927-002, NaI Detector
AP# IMS 14.0
PAIRED DATA#
Cs-137 662 keV, 228 chn
Co-60 1173 keV, 397 chn
Co-60 1332 keV, 449 chn
$DATE_MEA:
06/21/2023 14:22:11
$MEAS_TIM:
120.000 121.340
$DATA:
0 1023
0
       0
       0
       0
       0
       0
       0
       0
       0
       0
      75
     113
      92
      80
     101
     109
      89
     107
     103
     101
     121
      92
     134
     115
     129
     136
     128
     151
     160
     144
     165
     158
     137
     163
     163
     168
     169
     184
     196
     204
     212
     225
     206
     205
     249
     238
     250
     217
     260
     237
     244
     272
     248
     267
     252
     301
     274
     272
     257
     281
     244
     284
     277
     281
     271
     286
     323
     288
     315
     337
     339
     327
     328
     354
     311
     333
     347
     367
     348
     316
     351
     294
     345
     329
     292
     345
     329
     314
     327
     303
     288
     299
     298
     288
     295
     290
     243
     274
     280
     249
     304
     269
     247
     278
     257
     233
     265
     253
     239
     243
     214
     226
     257
     212
     253
     248
     240
     225
     203
     220
     241
     217
     238
     234
     209
     221
     191
     214
     201
     215
     209
     189
     182
     206
     199
     210
     218
     205
     200
     210
     182
     187
     207
     208
     205
     211
     198
     181
     183
     199
     191
     181
     190
     175
     185
     169
     179
     174
     173
     173
     165
     161
     145
     156
     185
     171
     155
     156
     139
     174
     174
     151
     171
     141
     145
     171
     159
     159
     132
     141
     149
     163
     174
     136
     120
     133
     144
     141
     149
     125
     143
     156
     142
     130
     145
     156
     147
     138
     138
     151
     121
     128
     145
     143
     125
     125
     142
     140
     155
     168
     194
     192
     229
     239
     273
     261
     337
     341
     352
     431
     445
     503
     521
     607
     611
     643
     719
     640
     731
     675
     641
     660
     568
     547
     546
     522
     411
     406
     345
     325
     273
     282
     235
     187
     164
     150
     125
     117
     111
     108
     108
      81
     103
      78
      72
      67
      78
      71
      78
      71
      74
      69
     102
      80
      78
      70
      81
      96
      69
      87
      81
      73
      72
     101
      93
      77
      80
      64
      89
      80
      67
      67
      65
      87
      89
      73
      82
      83
      82
      66
      83
      94
      81
      80
      86
      78
      92
      91
      70
      79
      79
      70
      96
      67
      70
      96
      77
      91
      70
      67
      70
      83
      77
      77
      70
      81
      79
      79
      76
      64
      95
      69
      77
      59
      58
      82
      66
      79
      66
      77
      62
      57
      52
      73
      51
      72
      82
      57
      64
      65
      67
      50
      69
      69
      70
      68
      59
      71
      61
      65
      67
      71
      71
      59
      63
      59
      48
      55
      59
      48
      56
      52
      53
      49
      63
      60
      53
      54
      58
      71
      64
      74
      74
      71
      85
      64
      85
      96
     127
     117
     142
     135
     160
     165
     183
     195
     183
     200
     220
     272
     276
     277
     279
     286
     308
     308
     326
     345
     304
     351
     322
     301
     325
     294
     255
     232
     243
     230
     230
     196
     170
     170
     137
     145
     137
     104
      96
      94
     100
      79
      87
      87
      71
      82
      78
      78
      67
     108
     110
      95
      87
     130
     125
     105
     116
     141
     150
     179
     149
     191
     216
     208
     231
     236
     244
     277
     268
     256
     227
     289
     256
     275
     256
     258
     234
     232
     219
     202
     184
     180
     189
     171
     178
     187
     148
     132
     114
     101
     108
      93
      78
      78
      66
      40
      57
      32
      30
      39
      33
      23
      19
      17
      20
      23
      20
      15
      15
      18
       7
      16
      15
       5
       6
      15
      11
      13
       8
      11
       8
      12
      12
       7
      10
       7
       8
      12
       7
       5
       8
       5
       6
       3
      12
      13
       6
      10
       7
       6
       6
       5
       3
      10
       7
       5
      12
       5
       7
       6
       5
       6
       5
       1
       5
       8
       7
      12
       6
      11
      15
       9
       6
       8
       8
       6
       8
       6
       8
       5
       6
      10
       5
      10
       7
       9
       8
       6
       6
       7
       9
      12
       6
       3
       2
       3
       8
       8
       7
       3
       8
       5
       5
       7
       5
       4
       4
       5
       4
       5
       3
       5
       1
       3
       4
       4
       8
       3
       6
       4
       4
       5
       7
       5
       2
       3
       5
       1
       5
       3
       2
       5
       5
       2
       7
       8
       6
       2
       5
       1
       3
       5
       3
       3
       1
       7
       4
       1
       3
       5
       4
       1
       2
       4
       2
       2
       4
       2
       5
       3
       8
       4
      10
       3
       2
       2
       7
       5
       3
       4
       2
       2
       2
       7
       3
       3
       4
       3
       6
       1
       3
       0
       2
       1
       2
       2
       0
       2
       0
       7
       4
       5
       2
       5
       2
       3
       2
       3
       0
       5
       2
       2
       2
       4
       6
       2
       2
       2
       3
       3
       3
       6
       2
       3
       3
       2
       3
       6
       4
       4
       5
       5
       0
       0
       2
       5
       7
       1
       3
       3
       6
       3
       2
       6
       4
       2
       4
       1
       6
       4
       3
       3
       2
       5
       4
       1
       6
       6
       1
       3
       1
       3
       3
       3
       3
       1
       3
       1
       2
       4
       6
       3
       3
       2
       3
       2
       3
       3
       5
       6
       5
       3
       2
       2
       4
       2
       4
       1
       4
       1
       7
       5
       3
       3
       1
       3
       2
       5
       4
       4
       4
       2
       4
       3
       3
       1
       3
       5
       5
       2
       4
       1
       5
       5
       3
       1
       3
       3
       3
       2
       5
       3
       2
       0
       1
       3
       1
       2
       3
       3
       4
       3
       1
       3
       0
       1
       0
       2
       1
       5
       1
       0
       0
       2
       0
       1
       1
       1
       0
       1
       2
       1
       1
       2
       1
       3
       0
       3
       3
       4
       2
       3
       1
       2
       3
       3
       5
       6
       4
       6
       4
       4
       5
       5
       6
       4
       1
       4
       2
      14
       6
       3
       7
       5
       3
       4
       7
      11
       3
       6
      11
       6
       5
      10
       9
       8
       9
       5
       7
       8
       8
       9
      10
       6
       3
       4
       3
       6
       9
       4
       6
       5
       5
       6
       5
       3
       5
       3
       0
       3
       2
       2
       0
       4
       2
       2
       1
       1
       3
       5
       1
       1
       0
       0
       0
       1
       1
       0
       1
       1
       0
       1
       0
       0
       0
       0
       0
       1
       2
       1
       0
       0
       0
       0
       0
       1
       0
       0
       0
       0
       0
       0
       0
       0
       0
       0
       0
       0
       0
       0
       0
       0
       0
       0
       0
       0
       0
       0
       0
       1
       0
       0
       0
       0
       0
       0
       1
       0
       0
       0
       0
       0
       0
       0
       0
       0
       0
       0
       0
       0
       0
       0
       0
       1
       0
       0
       0
       0
       0
       0
       0
       0
       0
       0
       0
       0
       0
       1
       0
       0
       0
       0
       0
       0
       0
       0
       0
       0
       0
       1
       0
       0
       1
       0
       0
       0
       0
       0
       0
       0
       0
       0
       0
       0
       0
       0
       0
       0
       0
       0
       0
       0
       0
       0
       0
       0
       0
       0
       0
       0
       0
       0
       0
       0
       0
       0
$ROI:
3
208 248 
377 417 
429 469
$PRESETS:
Live Time
60
0
$ENER_FIT:
-29.189399 3.033213
$MCA_CAL:
2
-29.189399 3.033213 keV
$SHAPE_CAL:
2
0 0