$SPEC_ID:
FILENAME# CALIB_20230621142211_NaI 8.SPE
$SPEC_REM:
DET# 8
DETDESC# ORTEC ASPEC 927, SN 19093002, Version 0927-002, NaI Detector
AP# IMS 14.0
PAIRED DATA#
Cs-137 662 keV, 227 chn
Co-60 1173 keV, 394 chn
Co-60 1332 keV, 445 chn
$DATE_MEA:
06/21/2023 14:22:11
$MEAS_TIM:
120.000 121.140
$DATA:
0 1023
0
       0
       0
       0
       0
       0
       0
       0
       0
       0
      73
     108
     101
     103
     102
      85
      90
     108
      99
      99
      76
      99
      88
     109
      93
     118
     124
     121
     113
     142
     143
     159
     146
     190
     154
     167
     165
     177
     193
     145
     212
     190
     209
     178
     226
     217
     219
     266
     256
     266
     281
     248
     274
     254
     252
     320
     241
     271
     277
     281
     271
     269
     274
     285
     242
     269
     276
     314
     304
     314
     311
     341
     312
     342
     354
     303
     312
     301
     336
     336
     330
     342
     348
     342
     354
     305
     291
     288
     313
     306
     311
     281
     246
     311
     292
     262
     301
     293
     295
     273
     243
     267
     256
     261
     290
     270
     235
     254
     227
     240
     234
     233
     243
     240
     224
     240
     225
     216
     239
     235
     221
     187
     224
     206
     192
     221
     207
     196
     203
     205
     219
     208
     188
     210
     189
     190
     192
     218
     200
     188
     188
     206
     207
     174
     170
     202
     194
     187
     184
     195
     188
     210
     193
     186
     173
     188
     188
     188
     178
     187
     166
     162
     174
     157
     173
     167
     167
     154
     181
     148
     162
     172
     150
     128
     151
     131
     142
     154
     158
     147
     148
     153
     153
     141
     157
     144
     168
     123
     124
     140
     130
     131
     153
     130
     150
     147
     142
     156
     111
     129
     142
     133
     129
     139
     125
     150
     145
     154
     155
     149
     163
     197
     204
     233
     242
     303
     294
     346
     410
     421
     467
     536
     517
     597
     582
     624
     698
     615
     581
     595
     609
     582
     524
     520
     484
     410
     407
     327
     327
     291
     249
     230
     184
     170
     152
     135
     133
      97
     104
     100
     110
      77
      68
      81
     102
      78
      77
      87
      83
      80
      85
      56
      61
      70
      88
      63
      76
      56
      71
      77
      80
      74
      79
      64
      55
      92
      88
      76
      75
      91
      63
      81
      83
      87
      88
      72
      90
      76
      92
      90
      94
      74
      84
      81
      86
      71
      74
      84
      71
      79
      83
      75
      72
      83
      87
      74
      72
      76
      74
      84
      78
      81
      81
      89
      79
      77
     103
      66
      64
      85
      69
      86
      62
      59
      57
      61
      64
      59
      58
      68
      61
      63
      70
      56
      54
      64
      56
      52
      51
      68
      55
      63
      62
      79
      60
      62
      52
      44
      56
      50
      64
      67
      56
      50
      62
      77
      64
      61
      65
      58
      55
      58
      54
      70
      67
      58
      68
      58
      61
      57
      59
      90
      83
      79
      96
     112
     127
     111
     118
     131
     152
     182
     199
     189
     197
     224
     246
     229
     238
     281
     277
     291
     266
     290
     317
     269
     261
     315
     259
     279
     259
     269
     201
     247
     215
     197
     203
     193
     162
     176
     148
     127
     133
      91
     106
     115
      83
      85
      84
      71
      84
      78
     104
      77
      79
      82
      83
     114
      90
     102
     121
     121
     148
     159
     157
     155
     209
     184
     205
     213
     229
     222
     230
     238
     227
     241
     236
     201
     238
     226
     198
     200
     225
     203
     208
     177
     188
     165
     143
     167
     140
     124
     121
     110
      91
     101
      90
      79
      93
      68
      55
      51
      54
      49
      35
      41
      37
      55
      39
      33
      26
      23
      21
      22
       9
      18
      17
       9
       9
      17
      16
      14
      16
      12
      13
       7
      14
       2
      13
       6
      12
      12
      12
       2
      12
      10
      11
      11
       9
      12
      10
      10
       9
      11
       9
      10
       4
      11
       9
       8
       5
      11
       5
       5
       3
       9
       6
       7
       6
       4
       8
       6
       6
       7
      12
       6
       2
      10
      10
       7
       6
       4
       7
       5
       2
       5
       6
       5
       6
      13
       6
       6
       7
       2
       5
       4
       1
       3
       3
       2
       8
       8
       6
       5
       3
       3
       0
       6
       6
       2
       4
       2
       4
       5
       2
       5
       5
       6
       5
       5
       4
       3
       6
       4
       0
       4
       8
       3
       1
       4
       4
       5
       5
       8
       2
       3
       5
       3
       7
       9
       2
       5
       7
       3
       8
       4
       2
       4
       5
       5
       4
       3
       3
       5
       5
       5
       5
       4
       2
       6
       5
       6
       4
       4
       5
       4
       1
       6
       4
       2
       2
       5
       2
       4
       5
       1
       3
       5
       6
       0
       5
       3
       2
       4
       4
       2
       3
       2
       1
       4
       4
       3
       2
       8
       1
       6
       3
       6
       5
       6
       2
       2
       3
       3
       4
       3
       0
       5
       4
       4
       4
       2
       4
       2
       3
       6
       2
       1
       3
       3
       1
       4
       2
       2
       4
       2
       5
       4
       2
       3
       5
       4
       2
       4
       6
       1
       5
       1
       2
       4
       3
       4
       1
       2
       2
       1
       5
       1
       3
       3
       3
       2
       3
       0
       1
       2
       5
       0
       3
       2
       2
       3
       3
       3
       5
       1
       3
       3
       0
       2
       6
       2
       2
       0
       3
       2
       1
       1
       0
       1
       2
       1
       2
       3
       3
       1
       0
       4
       1
       1
       3
       2
       1
       1
       3
       1
       1
       0
       4
       2
       2
       1
       3
       3
       1
       4
       3
       2
       2
       1
       5
       2
       3
       3
       3
       3
       2
       2
       1
       0
       3
       1
       1
       5
       2
       3
       3
       2
       2
       1
       3
       0
       4
       3
       1
       1
       1
       0
       1
       1
       1
       5
       1
       2
       3
       1
       1
       2
       2
       2
       0
       3
       1
       2
       3
       3
       1
       4
       5
       4
       4
       3
       4
       3
       4
       2
       4
       5
       1
       2
       7
       3
       4
       9
       6
       3
       3
       8
       2
       8
       2
       3
       7
      10
       5
      10
       6
       7
       3
       3
       6
       4
       5
       4
       8
       4
       3
       8
       6
       6
       1
       5
       0
       1
       4
       3
       1
       1
       1
       6
       4
       4
       1
       4
       2
       1
       2
       3
       1
       1
       1
       0
       2
       1
       2
       1
       1
       0
       0
       1
       0
       0
       1
       0
       0
       0
       0
       0
       0
       0
       0
       0
       0
       0
       0
       0
       0
       0
       0
       0
       0
       1
       0
       1
       0
       0
       0
       0
       0
       0
       0
       1
       0
       0
       0
       0
       0
       0
       0
       0
       0
       0
       0
       0
       0
       0
       2
       1
       0
       0
       0
       0
       0
       0
       0
       0
       0
       0
       0
       0
       0
       0
       0
       0
       1
       0
       0
       0
       0
       0
       0
       1
       0
       0
       0
       0
       1
       0
       0
       0
       0
       0
       0
       0
       0
       0
       0
       0
       0
       0
       0
       0
       0
       0
       0
       0
       0
       0
       0
       0
       0
       0
       0
       1
       0
       0
       0
       0
       0
       0
       0
       0
       0
       0
       0
       0
       0
       0
       0
       0
       0
       0
       0
       0
       0
       0
       0
       0
       0
       0
       0
       0
       0
       0
$ROI:
3
207 247 
374 414 
425 465
$PRESETS:
Live Time
60
0
$ENER_FIT:
-35.753321 3.073323
$MCA_CAL:
2
-35.753321 3.073323 keV
$SHAPE_CAL:
2
0 0