$SPEC_ID:
FILENAME# CALIB_20230621142211_NaI 5.SPE
$SPEC_REM:
DET# 5
DETDESC# ORTEC ASPEC 927, SN 06341987, Version 0927-002, NaI Detector
AP# IMS 14.0
PAIRED DATA#
Cs-137 662 keV, 228 chn
Co-60 1173 keV, 395 chn
Co-60 1332 keV, 447 chn
$DATE_MEA:
06/21/2023 14:22:11
$MEAS_TIM:
120.000 121.240
$DATA:
0 1023
0
       0
       0
       0
       0
       0
       0
       0
       2
      99
      76
      87
     109
      87
      96
      96
      97
      95
     119
     110
     110
      97
     102
     112
     117
     124
     120
     150
     165
     155
     151
     159
     169
     145
     194
     163
     172
     220
     193
     228
     189
     206
     204
     239
     232
     252
     274
     258
     255
     242
     269
     281
     256
     285
     273
     293
     267
     289
     315
     275
     323
     295
     276
     282
     319
     307
     307
     329
     350
     363
     354
     342
     315
     296
     389
     357
     358
     357
     323
     346
     380
     366
     351
     376
     342
     318
     307
     333
     341
     346
     306
     333
     309
     309
     283
     290
     276
     277
     280
     293
     284
     274
     274
     280
     300
     257
     261
     267
     244
     266
     251
     250
     262
     223
     252
     216
     248
     227
     219
     233
     232
     216
     235
     212
     232
     203
     214
     204
     209
     216
     219
     187
     214
     199
     201
     211
     188
     210
     189
     222
     208
     207
     197
     168
     222
     177
     194
     208
     160
     197
     208
     191
     220
     203
     180
     157
     174
     188
     175
     195
     186
     192
     167
     167
     148
     136
     130
     145
     162
     168
     162
     171
     151
     153
     170
     153
     170
     147
     162
     139
     156
     170
     157
     126
     153
     130
     135
     144
     138
     140
     145
     139
     137
     148
     124
     128
     138
     139
     136
     139
     125
     143
     149
     157
     133
     148
     136
     153
     167
     155
     181
     193
     176
     201
     230
     263
     296
     358
     409
     441
     505
     579
     614
     699
     708
     729
     795
     791
     779
     731
     794
     758
     706
     628
     553
     492
     431
     382
     347
     281
     235
     201
     169
     125
     131
     116
      90
      75
      92
      78
      91
      90
      62
      75
      68
      67
      85
      86
      77
      74
      78
      67
      76
      69
      73
      71
      70
      85
      58
      70
      84
      87
      76
      61
      61
      73
      78
      77
      80
      71
      81
      67
      79
      69
      81
      67
      95
      92
      88
      74
      87
      82
      82
      70
      58
      68
      62
      93
      79
      86
      76
      66
      85
      81
      78
      90
      78
      86
      84
      90
      78
      82
      60
      81
      88
      77
      71
      72
      85
      75
      65
      71
      62
      75
      58
      68
      67
      71
      68
      64
      66
      55
      69
      62
      65
      75
      67
      65
      64
      61
      62
      62
      61
      67
      54
      56
      72
      66
      68
      56
      62
      71
      58
      42
      44
      51
      66
      56
      66
      49
      59
      52
      48
      59
      54
      64
      56
      51
      56
      59
      54
      71
      67
      58
      83
      75
      92
      96
      99
     116
     132
     137
     169
     202
     176
     247
     240
     290
     303
     314
     309
     366
     364
     320
     359
     369
     361
     340
     342
     366
     342
     315
     326
     268
     272
     226
     205
     207
     175
     170
     157
     142
     125
      89
     108
      87
      88
      55
      65
      61
      45
      51
      59
      53
      43
      57
      62
      69
      74
      78
      97
      99
     121
     132
     154
     150
     178
     181
     206
     217
     255
     250
     286
     296
     313
     306
     300
     294
     320
     304
     301
     292
     282
     263
     243
     259
     221
     218
     196
     170
     160
     150
     117
     110
     125
      85
      98
      83
      56
      65
      62
      48
      37
      42
      35
      31
      21
      24
      24
      13
       7
       9
      10
      11
      13
      16
       6
       7
      13
      12
      11
       8
       7
      16
      13
      11
       2
       7
      11
       7
      12
       4
       7
      12
      11
       7
       8
      10
       9
       8
       6
       8
       8
       7
       7
       5
       9
      10
       3
      13
       6
      11
       4
      10
       9
       5
       2
       7
       5
       6
       5
      11
       4
      10
       5
       7
      10
       3
       6
       5
      10
      10
       6
       6
      10
       8
       5
       8
       6
      11
       2
       5
       4
       6
       2
       9
       6
       5
       8
       9
       6
       6
       9
       3
       5
       3
       5
       5
       5
       3
       1
      14
       2
       5
       5
       3
       6
       2
       6
       7
       3
       7
       2
       3
       2
       3
       5
       4
       6
       6
       6
       3
       2
       2
       4
       3
       7
       3
       2
       7
       5
       5
       6
       4
       2
       2
       7
       6
       5
       6
       2
       7
      11
       2
       3
       0
       4
       5
       4
       5
       2
       1
       4
       3
       1
       5
       4
       4
       5
       3
       4
       4
       6
       3
       2
       5
       3
       0
       2
       6
       4
       6
       6
       4
       4
       4
       2
       4
       6
       1
       3
       3
       6
       4
       2
       2
       7
       5
       2
       3
       3
       2
       2
       4
       2
       3
       2
       6
       5
       3
       4
       3
       4
       3
       3
       2
       1
       2
       6
       2
       5
       1
       4
       9
       1
       4
       1
       0
       1
       3
       3
       1
       7
       1
       2
       2
       0
       5
       3
       2
       1
       1
       3
       2
       2
       4
       4
       0
       2
       2
       4
       1
       2
       3
       3
       2
       4
       4
       3
       2
       2
       3
       6
       4
       3
       2
       4
       2
       4
       1
       6
       1
       1
       3
       5
       0
       3
       4
       5
       4
       7
       2
       5
       2
       1
       3
       2
       3
       7
       4
       5
       2
       1
       6
       5
       4
       3
       3
       5
       4
       1
       3
       0
       4
       2
       2
       2
       7
       0
       4
       2
       5
       2
       5
       2
       3
       1
       2
       0
       3
       5
       2
       2
       2
       1
       2
       0
       4
       4
       3
       1
       3
       2
       3
       0
       0
       3
       0
       1
       2
       0
       1
       3
       0
       3
       4
       2
       2
       2
       2
       1
       1
       2
       1
       4
       2
       2
       8
       3
       2
       1
       2
       6
       7
       4
       6
       6
       3
       6
       6
       8
       5
      11
       2
      11
       7
       1
       5
      10
       7
       7
      12
       8
      12
       8
       9
       6
       6
       9
       6
      10
      10
      11
       9
       5
       8
       6
       5
       4
       8
       5
       4
       6
       2
       5
       2
       4
       6
       4
       2
       2
       1
       2
       0
       1
       0
       1
       0
       1
       2
       0
       0
       0
       3
       0
       1
       0
       1
       1
       0
       0
       0
       0
       0
       0
       0
       0
       0
       0
       0
       1
       1
       0
       1
       0
       1
       0
       0
       0
       0
       0
       0
       2
       0
       0
       1
       0
       0
       0
       0
       0
       0
       0
       0
       0
       0
       0
       0
       0
       0
       0
       0
       1
       0
       0
       0
       0
       0
       0
       0
       1
       0
       0
       0
       0
       0
       0
       0
       0
       1
       0
       0
       0
       0
       0
       0
       0
       0
       0
       0
       0
       0
       0
       0
       0
       0
       1
       0
       0
       0
       1
       0
       0
       0
       1
       0
       0
       0
       0
       0
       0
       0
       0
       0
       0
       0
       0
       2
       0
       1
       0
       0
       0
       1
       0
       0
       1
       0
       0
       0
       0
       0
       0
       0
       2
       0
       0
       0
       0
       0
       0
       0
       0
       0
       0
       0
       0
       0
       0
       0
       0
       0
       0
       0
$ROI:
3
208 248 
375 415 
427 467
$PRESETS:
Live Time
60
0
$ENER_FIT:
-32.553804 3.051411
$MCA_CAL:
2
-32.553804 3.051411 keV
$SHAPE_CAL:
2
0 0