$SPEC_ID:
FILENAME# CALIB_20230621142211_NaI 3.SPE
$SPEC_REM:
DET# 3
DETDESC# ORTEC ASPEC 927, SN 7022364, Version 0927-002, NaI Detector
AP# IMS 14.0
PAIRED DATA#
Cs-137 662 keV, 227 chn
Co-60 1173 keV, 394 chn
Co-60 1332 keV, 446 chn
$DATE_MEA:
06/21/2023 14:22:11
$MEAS_TIM:
120.000 121.200
$DATA:
0 1023
0
       0
       0
       0
       0
       0
       0
       0
       0
       0
      41
      78
      99
      89
      96
     108
      87
     108
     102
     108
     116
      98
     115
     108
     108
     121
     128
     144
     145
     170
     153
     151
     160
     169
     184
     168
     178
     175
     185
     200
     211
     225
     214
     222
     221
     231
     269
     252
     269
     247
     287
     284
     283
     298
     263
     283
     279
     247
     309
     279
     302
     329
     306
     285
     332
     321
     335
     314
     350
     323
     345
     351
     369
     367
     349
     348
     340
     322
     347
     359
     366
     352
     372
     370
     363
     365
     317
     352
     338
     310
     327
     308
     347
     326
     303
     305
     306
     340
     288
     296
     283
     309
     272
     234
     278
     267
     236
     250
     258
     232
     251
     287
     247
     268
     234
     264
     258
     246
     203
     234
     258
     230
     263
     212
     224
     187
     215
     224
     233
     236
     221
     230
     210
     229
     192
     207
     206
     185
     187
     204
     204
     195
     195
     206
     172
     211
     206
     186
     181
     200
     199
     194
     185
     175
     202
     184
     207
     173
     187
     191
     167
     177
     166
     196
     159
     154
     173
     167
     161
     139
     153
     163
     172
     164
     151
     153
     166
     154
     171
     170
     127
     152
     168
     157
     155
     127
     152
     145
     155
     143
     136
     141
     175
     136
     139
     161
     140
     143
     135
     135
     136
     163
     150
     129
     132
     129
     124
     167
     161
     178
     193
     220
     241
     256
     254
     301
     361
     395
     427
     467
     507
     560
     591
     607
     674
     643
     723
     694
     688
     716
     694
     643
     564
     485
     529
     491
     419
     418
     395
     310
     286
     248
     232
     213
     150
     134
     132
     110
      92
      97
     106
      90
      81
      82
      90
      81
      77
      86
      70
      72
      66
      68
      72
      72
      76
      89
      98
      70
      70
      94
      73
      69
      96
      73
      76
      89
      75
      75
      82
      82
      88
      87
      80
      83
      86
      93
      84
      87
      81
      74
      82
      82
      89
      84
      77
      82
      87
      88
      96
      86
      80
      75
      74
      86
      92
      84
      97
      75
      87
      77
      70
      80
      78
      66
      80
      87
      72
      77
      56
      68
      79
      84
      76
      78
      60
      69
      82
      68
      83
      61
      68
      75
      78
      63
      71
      63
      68
      70
      72
      59
      66
      69
      67
      55
      63
      49
      51
      68
      62
      62
      62
      52
      61
      74
      64
      57
      62
      56
      50
      59
      48
      57
      51
      57
      71
      73
      63
      64
      77
      58
      89
      84
     104
      96
     111
     120
     126
     136
     157
     155
     162
     190
     215
     203
     227
     274
     251
     254
     282
     317
     296
     313
     267
     316
     295
     312
     290
     308
     301
     274
     260
     276
     267
     237
     225
     207
     200
     185
     182
     149
     165
     131
     119
     120
     112
      95
     113
      95
      67
      85
      76
      86
      91
      75
      73
     108
      92
     103
     128
     136
     133
     143
     147
     173
     153
     188
     202
     196
     216
     221
     237
     238
     216
     254
     242
     266
     304
     226
     269
     291
     249
     240
     214
     226
     205
     205
     183
     200
     162
     169
     158
     146
     119
     127
     105
      86
      82
      93
      79
      61
      62
      65
      50
      49
      52
      53
      36
      17
      27
      22
      12
      15
      17
      24
      18
      20
      19
      13
       8
      17
      15
      18
       7
       9
      14
      11
       6
      14
       6
       7
      13
      15
      14
       7
       3
      11
       7
      11
       7
       8
       6
      10
       4
      12
      10
       5
       8
      13
      17
       2
      11
      18
       5
       9
       7
       4
      10
      12
       8
       5
       4
      10
       5
       6
       6
       3
      10
       4
       7
      12
      10
       7
       5
       5
      10
       8
       4
      10
       5
       3
       7
       7
       3
       6
       8
       4
       9
       6
      10
       4
      14
       4
       5
       6
       6
      11
       4
       5
       6
       7
       6
       4
       4
       7
       5
       5
       4
       3
       1
       7
       4
       7
       3
       3
       2
       9
       7
       3
       6
       5
       1
       5
       4
       6
       3
       4
       3
       3
       6
       3
       4
       7
       0
       4
       5
       1
       6
       7
       6
       1
       4
       5
       3
       3
       3
       3
       3
       2
       9
       2
       5
       8
       0
       1
       2
       9
       5
       2
       2
       5
       6
       9
       3
       3
       7
       1
       4
       6
       3
       1
       2
       3
       4
       0
       3
       3
       2
       6
       6
       1
       4
       3
       5
       4
       6
       2
       2
       5
       6
       1
       2
       3
       5
       5
       3
       4
       2
       3
       5
       1
       1
       3
       2
       3
       4
       6
       2
       2
       3
       1
       4
       2
       5
       2
       3
       1
       4
       3
       3
       3
       6
       4
       3
       2
       1
       4
       3
       5
       2
       3
       2
       2
       3
       1
       3
       3
       3
       3
       1
       2
       3
       5
       1
       5
       5
       3
       2
       2
       4
       2
       5
       1
       3
       3
       5
       2
       7
       3
       5
       0
       3
       3
       5
       2
       4
       5
       1
       2
       4
       6
       5
       2
       4
       2
       4
       3
       1
       7
       2
       3
       1
       3
       3
       6
       1
       1
       1
       4
       4
       6
       0
       1
       1
       2
       2
       2
       4
       2
       3
       3
       4
       2
       2
       4
       2
       5
       2
       2
       2
       1
       2
       1
       2
       3
       4
       5
       4
       3
       2
       0
       2
       1
       1
       0
       2
       3
       5
       2
       1
       1
       0
       1
       1
       4
       1
       1
       1
       4
       3
       2
       3
       2
       7
       6
       0
       2
       4
       2
       2
       7
       3
       9
       6
      11
       4
       7
       3
       6
       6
       4
       3
       3
      10
       8
       4
       1
       6
       2
       6
      10
      12
       6
       3
      11
       9
       7
       8
       7
       7
       4
       5
       5
       4
       7
       7
       5
       8
      11
       5
       3
       5
       4
       4
       0
       1
       5
       6
       4
       3
       3
       6
       0
       1
       1
       1
       1
       2
       1
       2
       3
       1
       0
       3
       1
       0
       0
       0
       1
       1
       0
       0
       0
       0
       2
       0
       0
       0
       0
       1
       0
       1
       0
       0
       1
       0
       0
       1
       2
       0
       0
       2
       0
       0
       0
       0
       0
       0
       1
       0
       0
       0
       1
       0
       0
       0
       1
       0
       0
       0
       0
       1
       0
       0
       0
       0
       0
       0
       1
       0
       0
       0
       0
       0
       0
       0
       0
       0
       1
       0
       0
       0
       0
       0
       0
       0
       1
       1
       1
       0
       1
       0
       0
       0
       0
       0
       0
       1
       1
       1
       0
       0
       0
       0
       0
       1
       0
       0
       0
       0
       0
       0
       0
       0
       1
       0
       0
       0
       0
       0
       0
       0
       0
       0
       1
       0
       0
       0
       0
       0
       0
       1
       0
       0
       0
       2
       0
       0
       0
       0
       0
       0
       0
       0
       0
       0
       0
       0
       0
       0
       0
       0
       0
       0
       0
$ROI:
3
207 247 
374 414 
426 466
$PRESETS:
Live Time
60
0
$ENER_FIT:
-33.742309 3.062316
$MCA_CAL:
2
-33.742309 3.062316 keV
$SHAPE_CAL:
2
0 0