$SPEC_ID:
FILENAME# STND-NGRBACK_WRND477861_20230621234426_NaI 8.SPE
$SPEC_REM:
DET# 8
TYPE: BACKGROUND
LABEL_ID# STND-NGRBACK
TEXT_ID# WRND477861
LENGTH cm# 150
OFFSET cm# 183.2
TRAY# titanium
DETDESC# ASPEC 927, SN 19093002, Version 0927-002, NaI
AP# IMS 14.0
$DATE_MEA:
06/21/2023 23:44:26
$MEAS_TIM:
21600.000 21607.280
$DATA:
0 1023
       0
       0
       0
       0
       0
       0
       0
       0
       0
       1
     906
    1412
    1352
    1000
     687
     614
     595
     633
     676
     663
     857
    1188
    1411
    1375
    1091
     989
     868
     764
     689
     676
     678
     683
     719
     735
     621
     619
     610
     592
     652
     570
     550
     609
     575
     643
     628
     624
     677
     638
     647
     673
     697
     658
     612
     559
     572
     570
     494
     489
     474
     479
     455
     444
     428
     433
     472
     469
     445
     497
     516
     558
     561
     528
     622
     538
     554
     501
     554
     517
     548
     517
     495
     521
     533
     513
     517
     476
     493
     492
     485
     473
     489
     451
     454
     421
     432
     388
     388
     416
     386
     375
     399
     411
     397
     369
     386
     364
     342
     391
     358
     355
     366
     316
     354
     360
     347
     318
     330
     334
     367
     353
     322
     324
     285
     377
     377
     316
     314
     350
     317
     316
     329
     314
     352
     336
     311
     313
     335
     317
     307
     307
     336
     335
     275
     350
     321
     304
     306
     296
     303
     315
     316
     342
     329
     332
     339
     337
     352
     335
     325
     319
     342
     355
     333
     313
     343
     333
     366
     354
     346
     340
     331
     330
     361
     304
     347
     357
     318
     319
     280
     313
     292
     313
     267
     285
     244
     259
     277
     311
     260
     267
     307
     255
     253
     255
     248
     254
     257
     264
     262
     239
     273
     224
     253
     248
     247
     258
     253
     281
     252
     272
     241
     235
     262
     254
     276
     252
     241
     276
     262
     240
     236
     260
     266
     243
     231
     243
     255
     218
     242
     219
     220
     214
     250
     261
     205
     229
     228
     239
     230
     232
     231
     262
     199
     213
     232
     225
     199
     235
     231
     240
     203
     219
     222
     199
     228
     196
     201
     214
     243
     207
     259
     210
     215
     202
     220
     197
     206
     231
     210
     208
     210
     204
     212
     211
     227
     235
     215
     206
     221
     227
     214
     204
     211
     216
     195
     239
     189
     231
     223
     208
     212
     225
     222
     197
     187
     220
     214
     197
     200
     180
     210
     201
     220
     202
     216
     196
     193
     212
     218
     180
     191
     175
     199
     187
     180
     159
     202
     194
     197
     198
     201
     187
     218
     184
     203
     172
     196
     216
     170
     183
     162
     178
     216
     175
     191
     180
     157
     183
     168
     168
     175
     197
     145
     169
     170
     156
     170
     179
     172
     155
     171
     173
     171
     176
     162
     176
     200
     155
     163
     164
     150
     165
     160
     172
     182
     170
     168
     194
     168
     161
     161
     158
     162
     180
     132
     156
     167
     168
     145
     151
     132
     172
     173
     151
     155
     156
     161
     135
     146
     147
     150
     129
     139
     155
     166
     145
     122
     129
     158
     127
     155
     132
     135
     129
     141
     119
     150
     121
     137
     137
     127
     137
     136
     130
     135
     129
     107
     142
     146
     130
     118
     120
     115
     121
     120
     124
     124
     122
     132
     114
     138
     116
     131
     119
     112
     122
     109
      99
     121
     120
     109
     111
     103
     104
     107
     123
      99
     116
      82
     101
     109
     105
     115
     124
     108
     132
     129
     146
     123
     131
     152
     170
     176
     151
     173
     196
     180
     197
     205
     234
     211
     202
     279
     243
     266
     267
     282
     272
     253
     308
     286
     321
     309
     351
     325
     304
     334
     330
     299
     331
     313
     305
     331
     316
     295
     303
     277
     269
     299
     293
     283
     237
     263
     232
     251
     212
     228
     234
     218
     217
     180
     202
     199
     179
     187
     183
     172
     185
     163
     165
     138
     151
     147
     115
     136
     129
     137
     132
     130
     105
     105
      93
     100
      73
      73
      96
      89
      84
      73
      85
      71
      77
      75
      71
      70
      68
      62
      62
      65
      61
      55
      56
      56
      61
      53
      58
      38
      49
      54
      38
      55
      49
      48
      43
      59
      51
      38
      43
      48
      49
      39
      53
      40
      45
      53
      47
      44
      39
      45
      43
      36
      47
      39
      41
      42
      30
      44
      37
      44
      51
      41
      42
      40
      36
      33
      35
      25
      33
      39
      39
      33
      35
      33
      31
      32
      35
      38
      35
      29
      52
      29
      44
      35
      34
      38
      42
      34
      31
      24
      27
      26
      33
      27
      35
      29
      28
      35
      47
      35
      32
      28
      27
      34
      23
      23
      33
      33
      34
      19
      26
      29
      26
      30
      25
      28
      23
      19
      24
      30
      34
      22
      17
      24
      34
      23
      29
      31
      28
      23
      36
      32
      26
      33
      26
      19
      22
      17
      30
      36
      24
      30
      29
      28
      29
      32
      20
      30
      20
      21
      28
      23
      29
      25
      29
      37
      16
      26
      33
      34
      34
      29
      23
      28
      15
      29
      27
      28
      28
      29
      32
      21
      29
      29
      28
      31
      25
      25
      21
      29
      20
      33
      26
      29
      26
      22
      22
      38
      21
      31
      27
      22
      24
      23
      32
      27
      22
      22
      29
      23
      35
      34
      23
      25
      24
      29
      31
      22
      22
      29
      31
      25
      25
      24
      15
      24
      18
      26
      25
      27
      18
      19
      23
      32
      32
      27
      25
      16
      20
      23
      22
      22
      29
      20
      25
      20
      22
      26
      33
      24
      18
      24
      22
      30
      21
      16
      21
      17
      23
      23
      25
      14
      22
      17
      30
      20
      25
      25
      31
      15
      19
      23
      21
      18
      23
      25
      20
      18
      21
      42
      16
      24
      24
      20
      15
      15
      22
      14
      22
      24
      23
      29
      23
      15
      25
      14
      21
      33
      19
      22
      19
      29
      26
      21
      16
      29
      18
      28
      28
      23
      24
      24
      24
      26
      26
      24
      25
      29
      36
      27
      31
      20
      22
      25
      30
      29
      30
      17
      32
      28
      28
      25
      33
      34
      27
      28
      27
      23
      24
      40
      30
      26
      30
      31
      19
      24
      31
      15
      32
      20
      19
      23
      25
      18
      25
      20
      25
      19
      22
      23
      28
      17
      31
      29
      31
      21
      36
      25
      19
      25
      13
      18
      17
      29
      31
      25
      25
      28
      20
      19
      12
      20
      18
      22
      20
      22
      18
      21
      17
      30
      17
      21
      18
      13
      14
      21
      21
      21
      24
      18
      16
      12
      24
      22
      28
      25
      21
      16
      19
      20
      11
      24
      17
      22
      17
      17
      14
      14
      25
      20
      16
      20
      24
      17
      20
      20
      25
      21
      17
      19
      18
      21
      20
      20
      17
      19
      17
      22
      17
      20
      18
      19
      16
      26
      21
      17
      24
      22
      22
      26
      20
      25
      21
      24
      22
      23
      14
      22
      14
      22
      17
      18
      17
      20
      24
      15
      22
      10
      18
      23
      21
      22
      26
      23
      23
      19
      23
      17
      18
      19
      19
      19
      17
      27
      15
      20
      13
      14
      20
       0
       0
       0
       0
       0
       0
       0
       0
       0
       0
       0
       0
       0
       0
       0
       0