$SPEC_ID:
FILENAME# STND-NGRBACK_WRND477861_20230621234426_NaI 1.SPE
$SPEC_REM:
DET# 1
TYPE: BACKGROUND
LABEL_ID# STND-NGRBACK
TEXT_ID# WRND477861
LENGTH cm# 150
OFFSET cm# 43.2
TRAY# titanium
DETDESC# ASPEC 927, SN 7022362, Version 0927-002, NaI
AP# IMS 14.0
$DATE_MEA:
06/21/2023 23:44:26
$MEAS_TIM:
21600.000 21607.000
$DATA:
0 1023
       0
       0
       0
       0
       0
       0
       0
       0
       0
      16
    1005
    1211
    1102
     827
     610
     612
     546
     586
     612
     668
     923
    1180
    1211
    1260
     985
     920
     813
     716
     731
     735
     730
     703
     693
     691
     648
     581
     626
     620
     650
     676
     625
     663
     709
     671
     711
     707
     702
     767
     782
     786
     761
     750
     735
     712
     750
     784
     756
     708
     761
     652
     710
     727
     683
     710
     744
     738
     775
     790
     808
     841
     820
     847
     820
     799
     831
     845
     755
     826
     761
     738
     708
     712
     682
     673
     702
     714
     694
     706
     645
     658
     623
     655
     604
     638
     591
     592
     599
     605
     550
     509
     531
     533
     492
     491
     515
     455
     451
     434
     432
     416
     427
     397
     375
     371
     374
     377
     371
     356
     368
     374
     362
     385
     354
     343
     344
     355
     345
     336
     317
     347
     315
     330
     279
     358
     330
     337
     326
     312
     352
     344
     332
     323
     338
     330
     347
     309
     312
     302
     323
     362
     342
     368
     334
     351
     302
     288
     360
     332
     372
     363
     359
     366
     354
     335
     324
     348
     334
     330
     329
     344
     301
     346
     329
     333
     314
     319
     333
     319
     293
     308
     294
     290
     266
     256
     252
     275
     282
     270
     264
     281
     251
     245
     256
     275
     240
     258
     229
     216
     253
     251
     245
     239
     252
     255
     227
     255
     273
     249
     232
     263
     244
     228
     251
     239
     253
     245
     247
     238
     238
     249
     221
     227
     225
     232
     250
     223
     203
     231
     221
     208
     240
     218
     240
     211
     220
     225
     216
     225
     231
     215
     245
     219
     189
     208
     233
     204
     191
     256
     182
     205
     186
     223
     202
     210
     201
     215
     206
     212
     174
     213
     198
     174
     208
     202
     204
     186
     241
     198
     187
     195
     201
     219
     192
     190
     214
     212
     193
     210
     209
     227
     230
     183
     229
     217
     209
     196
     235
     219
     183
     187
     197
     200
     216
     196
     174
     199
     202
     180
     186
     187
     211
     198
     161
     178
     197
     181
     195
     156
     207
     189
     166
     172
     176
     194
     187
     183
     167
     167
     180
     177
     180
     179
     158
     179
     172
     176
     172
     182
     164
     181
     157
     160
     162
     197
     172
     175
     156
     165
     144
     157
     179
     151
     164
     155
     163
     159
     148
     174
     151
     146
     151
     145
     161
     162
     166
     170
     177
     141
     150
     154
     162
     156
     149
     159
     152
     143
     157
     163
     142
     141
     159
     152
     158
     140
     153
     159
     170
     155
     167
     162
     142
     132
     155
     149
     132
     139
     153
     155
     144
     140
     141
     145
     138
     136
     127
     136
     129
     138
     128
     145
     127
     126
     128
     133
     143
     126
     115
     143
     111
     127
     124
     132
     135
     131
     150
     147
     127
     117
     115
     112
     126
     120
     127
     105
     106
     109
     119
     115
     112
     113
     112
     123
     108
     113
     123
     114
     126
     126
     107
     123
     113
     122
     119
     127
     127
     120
     127
     114
     111
     133
     117
     135
     135
     138
     149
     159
     176
     161
     156
     182
     207
     189
     196
     166
     197
     189
     226
     199
     218
     222
     215
     230
     215
     252
     255
     221
     263
     264
     262
     234
     250
     272
     265
     249
     279
     263
     258
     254
     248
     260
     241
     219
     248
     251
     251
     254
     217
     244
     247
     230
     210
     238
     216
     219
     232
     217
     215
     208
     181
     207
     205
     182
     207
     195
     146
     159
     171
     159
     146
     146
     155
     122
     140
     152
     136
     132
     104
     102
     124
     132
     129
     107
     120
     110
      99
     110
     120
     103
      95
      74
      99
      83
      90
      81
      88
      76
      82
      85
      73
      74
      62
      60
      65
      55
      69
      51
      54
      61
      65
      48
      43
      60
      60
      42
      60
      50
      46
      46
      55
      59
      40
      50
      37
      41
      38
      46
      39
      41
      44
      42
      34
      40
      36
      42
      34
      42
      38
      47
      45
      39
      33
      47
      42
      43
      37
      44
      37
      36
      29
      30
      28
      38
      40
      39
      35
      41
      45
      26
      20
      34
      35
      27
      43
      34
      37
      32
      30
      38
      34
      36
      25
      25
      40
      32
      30
      25
      22
      18
      29
      23
      26
      37
      30
      20
      28
      38
      34
      30
      29
      29
      31
      38
      43
      32
      33
      31
      32
      33
      29
      37
      23
      36
      28
      46
      28
      30
      21
      28
      29
      37
      31
      30
      21
      21
      23
      32
      28
      27
      25
      30
      26
      34
      32
      33
      33
      32
      35
      33
      29
      39
      44
      21
      27
      30
      30
      33
      31
      27
      27
      30
      33
      27
      22
      27
      30
      31
      24
      19
      30
      25
      34
      35
      32
      26
      35
      35
      30
      30
      27
      27
      28
      31
      29
      33
      25
      24
      25
      25
      30
      36
      30
      26
      31
      38
      31
      29
      24
      26
      29
      23
      28
      28
      36
      21
      28
      26
      23
      25
      34
      23
      22
      31
      33
      22
      29
      25
      27
      25
      19
      30
      24
      33
      29
      32
      27
      41
      24
      26
      24
      29
      17
      33
      32
      27
      31
      26
      31
      31
      24
      32
      21
      26
      26
      24
      37
      19
      24
      26
      23
      32
      21
      19
      26
      31
      26
      37
      28
      24
      24
      37
      17
      35
      26
      29
      27
      32
      27
      32
      23
      20
      22
      24
      28
      23
      37
      18
      30
      23
      39
      25
      28
      28
      24
      25
      24
      21
      24
      28
      34
      38
      27
      21
      35
      19
      29
      21
      38
      37
      29
      34
      37
      29
      22
      29
      35
      26
      37
      17
      20
      22
      29
      26
      29
      27
      26
      22
      20
      17
      31
      26
      20
      31
      18
      27
      28
      27
      27
      30
      30
      22
      26
      27
      16
      27
      21
      22
      22
      21
      20
      25
      27
      17
      31
      17
      19
      27
      18
      21
      29
      23
      25
      25
      21
      22
      21
      13
      15
      15
      16
      18
      25
      21
      22
      24
      19
      22
      22
      30
      21
      26
      20
      22
      22
      17
      25
      17
      19
      13
      21
      18
      20
      17
      27
      18
      15
      10
      19
      17
      21
      22
      18
      22
      12
      19
      23
      15
      21
      18
      17
      16
      23
      22
      26
      20
      16
      14
      22
      23
      20
      24
      20
      10
      12
      12
      16
       9
      14
      19
      14
      27
      26
      14
      19
      11
      14
      20
      15
      22
      15
      16
      20
      12
      17
      14
      17
      14
      13
      10
      15
      16
       8
      10
      13
      16
      23
      16
      14
      13
      12
      12
      18
      16
      12
      11
      16
      13
      11
      11
      12
      18
      12
      15
      13
      14
      15
      20
      19
       6
       9
      13
       8
      23
      21
      14
      19
      26
      14
      15
       0
       0
       0
       0
       0
       0
       0
       0
       0
       0
       0
       0
       0
       0
       0
       0