$SPEC_ID:
FILENAME# STND-NGRBACK_WRND477861_20230621234426_NaI 3.SPE
$SPEC_REM:
DET# 3
TYPE: BACKGROUND
LABEL_ID# STND-NGRBACK
TEXT_ID# WRND477861
LENGTH cm# 150
OFFSET cm# 83.2
TRAY# titanium
DETDESC# ASPEC 927, SN 7022364, Version 0927-002, NaI
AP# IMS 14.0
$DATE_MEA:
06/21/2023 23:44:26
$MEAS_TIM:
21600.000 21607.400
$DATA:
0 1023
       0
       0
       0
       0
       0
       0
       0
       0
       0
       0
     475
    1237
    1380
    1209
     785
     668
     578
     603
     671
     635
     794
    1063
    1388
    1465
    1265
    1091
     974
     809
     789
     792
     739
     732
     711
     735
     638
     576
     641
     628
     558
     583
     559
     565
     569
     596
     603
     621
     554
     618
     578
     559
     547
     523
     495
     513
     490
     432
     430
     448
     437
     396
     400
     429
     456
     441
     387
     448
     477
     463
     525
     539
     566
     551
     567
     547
     517
     551
     567
     521
     462
     478
     468
     461
     478
     469
     465
     477
     446
     414
     453
     391
     411
     419
     420
     396
     414
     379
     364
     377
     366
     366
     376
     356
     387
     367
     362
     360
     319
     331
     365
     341
     363
     333
     339
     350
     331
     315
     312
     351
     354
     361
     328
     314
     339
     339
     330
     311
     300
     289
     344
     346
     340
     275
     335
     298
     291
     324
     299
     314
     329
     333
     338
     336
     297
     293
     302
     319
     330
     338
     300
     349
     319
     331
     324
     318
     289
     343
     357
     322
     329
     327
     317
     321
     312
     329
     337
     363
     336
     357
     358
     330
     339
     366
     354
     371
     322
     354
     327
     335
     332
     319
     324
     334
     278
     278
     293
     294
     293
     271
     246
     260
     260
     259
     268
     261
     252
     243
     238
     284
     270
     303
     257
     252
     250
     255
     278
     226
     252
     270
     271
     287
     268
     275
     285
     248
     267
     239
     257
     263
     239
     267
     236
     267
     241
     258
     220
     242
     249
     239
     197
     245
     231
     231
     230
     249
     262
     213
     217
     246
     222
     236
     231
     225
     236
     219
     230
     217
     208
     225
     216
     235
     214
     219
     238
     200
     228
     207
     199
     194
     224
     235
     214
     218
     200
     248
     253
     213
     219
     211
     232
     211
     224
     224
     219
     228
     224
     241
     218
     236
     218
     221
     196
     205
     222
     225
     195
     201
     204
     219
     213
     229
     204
     234
     208
     192
     231
     203
     207
     204
     220
     218
     185
     206
     198
     163
     242
     225
     189
     190
     210
     195
     220
     203
     186
     212
     192
     195
     176
     181
     189
     196
     206
     171
     180
     184
     189
     200
     176
     198
     174
     192
     194
     169
     169
     188
     158
     192
     185
     189
     178
     177
     153
     180
     164
     172
     149
     143
     176
     158
     184
     182
     150
     171
     174
     161
     195
     149
     162
     171
     172
     165
     167
     146
     157
     179
     162
     163
     154
     185
     205
     141
     164
     158
     151
     152
     179
     166
     158
     150
     159
     169
     144
     152
     146
     155
     147
     167
     169
     153
     150
     145
     162
     150
     141
     143
     156
     157
     145
     153
     150
     136
     143
     155
     139
     144
     124
     149
     130
     144
     149
     140
     125
     118
     138
     135
     150
     141
     115
     117
     130
     149
     106
     138
     149
     122
     140
     137
     123
     117
     121
     125
     127
     118
     128
     141
     128
     114
     103
     116
     123
     107
     130
     114
     110
     124
     118
     118
     121
      91
      96
     107
     102
     111
     123
     122
     131
     125
     117
     131
     143
     148
     148
     152
     174
     174
     160
     167
     182
     216
     209
     206
     232
     233
     260
     292
     282
     306
     278
     295
     301
     315
     320
     326
     314
     329
     327
     314
     291
     367
     337
     351
     339
     368
     334
     360
     368
     320
     309
     318
     324
     309
     299
     245
     265
     294
     253
     235
     228
     213
     200
     211
     217
     187
     208
     168
     188
     172
     172
     148
     136
     135
     160
     121
     156
     133
     122
     118
     117
     115
      93
      95
      98
      90
      94
      89
      68
      63
      90
      68
      65
      79
      66
      57
      76
      78
      54
      54
      70
      58
      42
      62
      52
      54
      46
      54
      52
      50
      46
      57
      57
      57
      46
      49
      49
      43
      38
      58
      44
      48
      40
      47
      47
      51
      47
      49
      40
      45
      63
      50
      44
      53
      38
      45
      55
      34
      44
      44
      39
      54
      59
      36
      39
      33
      44
      47
      29
      37
      34
      29
      42
      27
      40
      21
      28
      46
      35
      38
      56
      35
      36
      38
      22
      38
      30
      40
      44
      40
      40
      37
      28
      30
      36
      28
      31
      39
      51
      31
      41
      32
      28
      34
      42
      35
      25
      32
      31
      36
      34
      39
      47
      28
      28
      37
      28
      33
      38
      33
      24
      24
      30
      22
      29
      26
      28
      26
      17
      23
      31
      37
      26
      32
      22
      25
      28
      27
      27
      36
      34
      25
      34
      26
      25
      26
      22
      24
      22
      20
      24
      31
      29
      29
      31
      36
      33
      24
      25
      32
      25
      27
      18
      29
      26
      19
      35
      22
      20
      27
      26
      28
      22
      22
      30
      29
      27
      31
      27
      19
      22
      33
      22
      23
      30
      37
      18
      29
      22
      23
      22
      22
      22
      27
      23
      27
      17
      30
      30
      21
      25
      25
      35
      31
      25
      28
      34
      23
      20
      25
      27
      29
      23
      24
      22
      21
      30
      23
      29
      23
      36
      23
      20
      28
      19
      19
      26
      32
      30
      28
      21
      22
      30
      24
      27
      27
      31
      25
      22
      24
      36
      21
      26
      17
      34
      30
      27
      33
      26
      21
      34
      22
      20
      32
      32
      22
      34
      28
      16
      21
      25
      22
      21
      26
      20
      32
      22
      34
      18
      20
      35
      27
      32
      18
      19
      23
      26
      19
      25
      29
      33
      22
      34
      28
      20
      22
      33
      32
      23
      28
      28
      28
      32
      32
      30
      22
      28
      23
      22
      36
      30
      38
      32
      18
      25
      40
      26
      26
      34
      40
      34
      20
      18
      30
      37
      30
      38
      38
      31
      28
      27
      23
      27
      30
      18
      28
      28
      28
      32
      29
      22
      37
      32
      31
      28
      33
      30
      19
      28
      21
      31
      24
      33
      18
      26
      25
      31
      22
      22
      25
      22
      25
      31
      25
      41
      24
      26
      28
      25
      30
      25
      20
      26
      20
      30
      28
      33
      29
      29
      35
      32
      26
      32
      37
      21
      27
      22
      30
      13
      21
      24
      33
      19
      26
      35
      23
      26
      23
      29
      22
      27
      21
      27
      23
      33
      26
      24
      24
      22
      29
      35
      23
      42
      21
      18
      19
      31
      20
      24
      22
      30
      25
      18
      24
      28
      20
      31
      22
      20
      21
      22
      20
      21
      16
      20
      26
      22
      23
      21
      23
      27
      23
      32
      24
      25
      26
      23
      16
      29
      37
      19
      23
      29
      17
      16
      27
      15
      25
      22
      19
      19
      18
      22
      17
      21
      21
      19
      21
      19
      25
      18
      16
      24
      22
      20
      15
      19
      18
      22
      22
      12
      31
      23
      28
      18
      19
      17
      17
      24
      20
      19
      22
       0
       0
       0
       0
       0
       0
       0
       0
       0
       0
       0
       0
       0
       0
       0
       0