$SPEC_ID:
FILENAME# STND-NGRBACK_WRND477861_20230621234426_NaI 4.SPE
$SPEC_REM:
DET# 4
TYPE: BACKGROUND
LABEL_ID# STND-NGRBACK
TEXT_ID# WRND477861
LENGTH cm# 150
OFFSET cm# 103.2
TRAY# titanium
DETDESC# ASPEC 927, SN 7022364, Version 0927-002, NaI
AP# IMS 14.0
$DATE_MEA:
06/21/2023 23:44:26
$MEAS_TIM:
21600.000 21606.940
$DATA:
0 1023
       0
       0
       0
       0
       0
       0
       0
       0
       0
       0
     819
    1193
    1453
    1321
     891
     643
     670
     633
     661
     642
     716
     992
    1348
    1525
    1390
    1181
     950
     879
     865
     783
     774
     736
     686
     716
     674
     639
     614
     581
     582
     621
     578
     614
     540
     566
     574
     608
     561
     601
     587
     560
     575
     544
     557
     517
     493
     487
     469
     458
     445
     409
     425
     414
     458
     415
     447
     407
     492
     482
     456
     519
     574
     523
     560
     569
     603
     596
     556
     514
     540
     473
     516
     510
     507
     482
     476
     495
     478
     429
     438
     442
     398
     423
     399
     384
     408
     385
     350
     401
     378
     375
     368
     389
     356
     365
     347
     361
     375
     361
     346
     361
     363
     357
     327
     346
     351
     297
     339
     344
     349
     322
     366
     326
     326
     335
     337
     348
     330
     342
     303
     329
     326
     317
     307
     324
     361
     318
     301
     319
     279
     324
     293
     336
     327
     350
     331
     296
     318
     311
     316
     315
     307
     320
     326
     313
     335
     327
     300
     321
     349
     318
     328
     383
     316
     366
     352
     310
     321
     357
     326
     376
     343
     290
     352
     356
     322
     345
     365
     327
     336
     346
     296
     316
     307
     333
     268
     301
     258
     262
     258
     262
     245
     257
     265
     264
     258
     295
     280
     251
     232
     276
     234
     224
     250
     230
     272
     268
     275
     264
     269
     273
     244
     250
     243
     264
     273
     265
     214
     285
     257
     275
     250
     236
     229
     269
     275
     233
     247
     224
     254
     250
     230
     256
     237
     228
     251
     220
     257
     234
     245
     222
     224
     242
     215
     212
     190
     227
     232
     215
     231
     214
     239
     235
     219
     233
     240
     234
     203
     229
     225
     196
     219
     221
     189
     204
     210
     248
     220
     208
     199
     245
     243
     218
     230
     251
     235
     227
     200
     221
     259
     227
     222
     217
     213
     242
     234
     208
     237
     198
     253
     228
     219
     204
     214
     213
     208
     214
     231
     216
     237
     210
     215
     218
     209
     204
     193
     197
     178
     204
     180
     210
     197
     220
     188
     184
     184
     206
     210
     198
     183
     181
     188
     186
     184
     207
     187
     210
     172
     202
     193
     188
     197
     193
     166
     182
     184
     184
     189
     186
     175
     165
     173
     174
     190
     188
     172
     194
     191
     171
     172
     169
     200
     185
     156
     189
     184
     158
     173
     162
     164
     176
     164
     168
     183
     179
     167
     172
     167
     175
     174
     175
     148
     156
     144
     156
     186
     169
     146
     177
     155
     163
     146
     147
     142
     161
     177
     140
     154
     149
     139
     160
     148
     184
     148
     159
     149
     152
     152
     152
     136
     168
     131
     138
     129
     134
     128
     148
     145
     150
     148
     137
     127
     142
     126
     123
     146
     117
     138
     133
     147
     126
     139
     131
     132
     125
     126
     130
     130
     123
     110
     109
     125
     118
     109
     128
     122
     112
     106
     143
     108
      97
     126
     117
      88
     111
     100
     123
     104
     110
     106
     124
      96
     100
     112
     110
     105
     121
     122
     126
     138
     129
     144
     120
     155
     143
     159
     179
     179
     188
     193
     225
     212
     234
     238
     255
     266
     280
     290
     310
     288
     285
     298
     314
     280
     329
     308
     349
     334
     337
     346
     360
     329
     326
     321
     353
     328
     352
     269
     318
     288
     308
     336
     266
     283
     274
     260
     267
     260
     241
     216
     247
     197
     197
     197
     204
     204
     175
     181
     182
     165
     154
     141
     129
     123
     122
     125
     123
     114
      97
      93
      87
      94
      94
      84
      82
      82
      63
      64
      80
      76
      67
      67
      61
      68
      62
      64
      57
      60
      54
      64
      44
      56
      55
      45
      44
      60
      56
      59
      52
      44
      53
      57
      50
      62
      55
      39
      49
      41
      54
      52
      42
      41
      37
      42
      68
      42
      39
      47
      38
      55
      36
      42
      51
      50
      39
      39
      34
      41
      43
      36
      38
      37
      38
      40
      47
      40
      37
      50
      46
      42
      45
      49
      44
      47
      32
      45
      33
      43
      37
      33
      32
      33
      36
      44
      37
      34
      28
      34
      39
      30
      42
      31
      30
      29
      33
      36
      22
      26
      34
      39
      29
      41
      33
      25
      33
      43
      38
      36
      25
      35
      37
      34
      29
      25
      22
      37
      30
      29
      30
      28
      37
      34
      21
      28
      31
      24
      41
      25
      29
      27
      32
      36
      28
      25
      32
      21
      23
      24
      32
      23
      30
      29
      28
      20
      34
      28
      31
      32
      31
      31
      31
      24
      26
      27
      26
      22
      27
      24
      30
      31
      44
      25
      23
      26
      20
      27
      30
      27
      27
      30
      32
      26
      19
      23
      28
      30
      22
      22
      22
      31
      30
      35
      33
      43
      35
      22
      32
      35
      35
      28
      25
      23
      28
      17
      16
      34
      22
      25
      24
      29
      29
      21
      31
      26
      22
      23
      31
      30
      33
      28
      27
      32
      24
      35
      25
      21
      24
      23
      24
      31
      27
      16
      26
      16
      31
      31
      26
      24
      25
      30
      23
      19
      38
      23
      26
      21
      19
      32
      30
      21
      33
      27
      33
      20
      21
      34
      26
      24
      20
      17
      23
      26
      37
      25
      19
      32
      30
      30
      23
      19
      26
      18
      29
      30
      26
      26
      24
      26
      31
      23
      21
      23
      19
      25
      34
      29
      26
      31
      12
      37
      25
      26
      32
      23
      24
      26
      23
      29
      15
      23
      27
      36
      33
      29
      27
      34
      24
      34
      31
      26
      29
      28
      31
      30
      26
      25
      25
      41
      22
      29
      25
      32
      36
      30
      25
      31
      22
      27
      21
      32
      25
      32
      37
      22
      33
      31
      24
      35
      31
      19
      23
      25
      21
      20
      27
      18
      29
      29
      28
      23
      32
      30
      23
      10
      28
      29
      26
      32
      30
      37
      19
      28
      38
      27
      35
      32
      31
      23
      19
      32
      28
      24
      31
      25
      30
      18
      28
      26
      27
      28
      29
      31
      19
      16
      34
      23
      23
      27
      24
      28
      28
      25
      27
      24
      27
      28
      36
      19
      24
      25
      40
      23
      32
      33
      26
      27
      21
      36
      37
      23
      24
      29
      28
      25
      40
      31
      31
      22
      27
      25
      31
      25
      30
      28
      23
      27
      24
      26
      24
      27
      24
      20
      29
      29
      26
      27
      23
      24
      28
      25
      18
      24
      14
      30
      27
      18
      26
      19
      25
      18
      24
      26
      17
      23
      22
      23
      20
      16
      10
      26
      30
      35
      23
      21
      16
      24
      20
      16
      25
      26
      16
      11
      24
      30
      23
      12
      18
      20
      24
      21
      17
      16
      20
      20
      30
      24
      22
      15
      11
       0
       0
       0
       0
       0
       0
       0
       0
       0
       0
       0
       0
       0
       0
       0
       0