$SPEC_ID:
FILENAME# STND-NGRBACK_WRND477861_20230621234426_NaI 7.SPE
$SPEC_REM:
DET# 7
TYPE: BACKGROUND
LABEL_ID# STND-NGRBACK
TEXT_ID# WRND477861
LENGTH cm# 150
OFFSET cm# 163.2
TRAY# titanium
DETDESC# ASPEC 927, SN 19093002, Version 0927-002, NaI
AP# IMS 14.0
$DATE_MEA:
06/21/2023 23:44:26
$MEAS_TIM:
21600.000 21618.720
$DATA:
0 1023
       0
       0
       0
       0
       0
       0
       0
       0
       0
       6
    1447
    1549
    1071
     779
     666
     573
     609
     621
     699
     909
    1239
    1564
    1481
    1292
     974
     908
     857
     815
     743
     712
     754
     729
     631
     647
     617
     569
     555
     551
     585
     583
     596
     619
     639
     616
     682
     709
     659
     728
     694
     702
     716
     665
     684
     661
     702
     640
     663
     668
     640
     626
     569
     555
     578
     592
     611
     615
     602
     644
     679
     653
     589
     639
     579
     595
     491
     567
     491
     471
     484
     493
     467
     474
     453
     489
     471
     470
     423
     458
     425
     410
     433
     452
     418
     408
     414
     415
     416
     385
     409
     367
     408
     399
     404
     365
     382
     363
     362
     362
     381
     378
     350
     352
     323
     346
     360
     320
     317
     324
     347
     328
     364
     326
     326
     300
     327
     354
     315
     305
     289
     291
     306
     289
     294
     308
     306
     328
     288
     331
     294
     306
     296
     308
     280
     313
     303
     287
     302
     324
     292
     285
     306
     320
     293
     343
     342
     345
     335
     320
     315
     328
     345
     348
     322
     333
     318
     354
     301
     320
     350
     345
     320
     332
     341
     372
     328
     302
     346
     348
     307
     305
     324
     296
     275
     266
     283
     247
     237
     252
     231
     251
     258
     249
     237
     242
     216
     254
     255
     250
     247
     257
     247
     254
     241
     252
     292
     240
     253
     276
     280
     257
     241
     267
     263
     229
     238
     250
     250
     223
     239
     264
     246
     265
     249
     246
     240
     237
     234
     249
     247
     240
     215
     234
     241
     202
     229
     233
     229
     222
     239
     212
     204
     201
     203
     188
     214
     209
     207
     214
     223
     241
     218
     211
     214
     200
     185
     204
     205
     249
     225
     220
     204
     239
     216
     186
     221
     193
     234
     191
     212
     209
     211
     205
     196
     197
     207
     223
     219
     227
     206
     199
     229
     228
     203
     200
     201
     227
     209
     208
     210
     215
     227
     205
     185
     208
     194
     183
     229
     208
     201
     176
     200
     187
     192
     198
     191
     188
     183
     196
     195
     197
     171
     185
     179
     212
     174
     187
     166
     207
     163
     207
     197
     168
     176
     196
     208
     176
     162
     189
     182
     160
     206
     182
     165
     189
     176
     196
     198
     200
     155
     168
     146
     174
     192
     179
     189
     166
     162
     157
     161
     182
     155
     166
     194
     172
     182
     159
     169
     163
     173
     165
     151
     171
     180
     179
     167
     184
     183
     167
     158
     200
     159
     186
     148
     163
     144
     166
     167
     174
     165
     175
     159
     165
     133
     155
     154
     155
     152
     157
     164
     165
     152
     167
     134
     151
     132
     189
     149
     119
     140
     145
     136
     132
     128
     131
     123
     136
     148
     146
     146
     132
     152
     144
     129
     136
     139
     133
     134
     139
     137
     109
     117
     138
     138
     123
     105
      98
     114
     129
     132
     108
     115
     125
     118
     119
     114
     117
      98
     121
     118
     102
     113
     108
     104
     118
     115
     105
     116
     104
     105
      98
     123
      92
      87
     118
     113
     114
     126
     142
     116
     126
     132
     152
     133
     145
     163
     157
     141
     168
     202
     197
     220
     225
     217
     211
     224
     256
     289
     296
     293
     285
     313
     315
     288
     297
     311
     353
     348
     345
     320
     368
     359
     325
     374
     364
     353
     326
     345
     316
     328
     333
     293
     266
     291
     274
     265
     260
     233
     283
     238
     264
     253
     220
     169
     177
     181
     181
     177
     181
     136
     148
     150
     132
     128
     132
     154
     120
     129
      94
     103
     103
     104
      90
      99
      79
      64
      78
      79
      67
      70
      65
      69
      48
      76
      54
      61
      54
      44
      62
      60
      52
      48
      65
      49
      44
      54
      56
      51
      52
      51
      33
      44
      47
      50
      51
      48
      45
      52
      36
      33
      41
      35
      51
      41
      40
      39
      46
      42
      41
      48
      46
      40
      45
      40
      36
      49
      43
      35
      37
      38
      45
      50
      46
      56
      35
      46
      29
      43
      42
      41
      51
      29
      35
      46
      25
      35
      42
      27
      43
      41
      31
      34
      42
      44
      37
      32
      35
      29
      41
      35
      43
      32
      30
      36
      38
      38
      30
      35
      27
      44
      30
      35
      30
      27
      25
      37
      27
      34
      27
      27
      38
      34
      31
      27
      28
      29
      35
      23
      28
      28
      25
      31
      18
      36
      28
      21
      18
      33
      29
      25
      17
      36
      24
      32
      25
      43
      28
      26
      26
      27
      32
      34
      25
      25
      34
      25
      32
      27
      27
      27
      30
      33
      33
      29
      48
      26
      31
      30
      29
      36
      30
      38
      37
      24
      36
      30
      33
      36
      36
      35
      26
      30
      26
      28
      29
      32
      26
      32
      22
      36
      36
      29
      31
      32
      21
      31
      35
      28
      26
      21
      28
      22
      32
      31
      30
      19
      25
      32
      32
      33
      27
      31
      31
      24
      20
      27
      37
      31
      18
      21
      31
      26
      28
      31
      25
      35
      28
      28
      30
      33
      34
      31
      29
      25
      27
      25
      33
      26
      31
      30
      33
      30
      33
      37
      23
      26
      20
      24
      25
      35
      22
      27
      36
      26
      23
      29
      21
      29
      20
      32
      27
      23
      36
      28
      25
      25
      24
      34
      41
      22
      27
      34
      35
      33
      21
      30
      32
      28
      30
      28
      26
      36
      20
      29
      23
      32
      14
      26
      24
      29
      29
      29
      35
      30
      34
      33
      33
      35
      22
      29
      42
      30
      27
      29
      23
      36
      30
      35
      35
      23
      27
      26
      29
      24
      15
      26
      35
      28
      25
      37
      35
      31
      28
      29
      30
      31
      31
      37
      33
      35
      28
      27
      20
      24
      32
      22
      33
      22
      22
      25
      19
      19
      23
      35
      23
      29
      26
      21
      29
      44
      38
      21
      24
      27
      26
      24
      20
      27
      24
      32
      34
      23
      20
      24
      18
      22
      23
      26
      28
      21
      24
      18
      21
      26
      19
      19
      20
      14
      16
      25
      13
      22
      16
      24
      18
      17
      18
      24
      23
      20
      26
      20
      17
      14
      29
      20
      21
      14
      26
      19
      20
      19
      21
      25
      15
      21
      14
      23
      19
      32
      20
      15
      16
      32
      17
      33
      18
      16
      15
      17
      22
      19
      28
      26
      20
      19
      23
      27
      20
      20
      23
      23
      14
      22
      18
      13
      17
      17
      24
      18
      13
      18
      26
      20
      13
      15
      17
      15
      30
      18
      11
      19
      14
      12
      18
      28
      13
      19
      21
      16
      15
      11
      14
      14
      12
      16
      17
      15
      24
      19
      23
      20
      13
      16
      14
      14
       8
      18
      16
      16
      15
      15
      17
      15
      22
      20
      20
      18
      15
       0
       0
       0
       0
       0
       0
       0
       0
       0
       0
       0
       0
       0
       0
       0
       0