$SPEC_ID:
FILENAME# STND-NGRBACK_WRND477861_20230621234426_NaI 5.SPE
$SPEC_REM:
DET# 5
TYPE: BACKGROUND
LABEL_ID# STND-NGRBACK
TEXT_ID# WRND477861
LENGTH cm# 150
OFFSET cm# 123.2
TRAY# titanium
DETDESC# ASPEC 927, SN 06341987, Version 0927-002, NaI
AP# IMS 14.0
$DATE_MEA:
06/21/2023 23:44:26
$MEAS_TIM:
21600.000 21607.600
$DATA:
0 1023
       0
       0
       0
       0
       0
       0
       0
       0
      17
     979
    1222
    1478
    1399
     818
     667
     630
     632
     598
     636
     783
    1027
    1477
    1616
    1451
    1172
     980
     860
     792
     739
     708
     713
     725
     693
     663
     586
     592
     509
     541
     516
     521
     463
     454
     452
     461
     500
     457
     454
     512
     529
     507
     508
     520
     496
     498
     495
     487
     461
     476
     442
     429
     441
     442
     411
     432
     485
     490
     499
     514
     560
     536
     552
     513
     477
     526
     464
     496
     488
     429
     475
     428
     458
     477
     485
     458
     431
     426
     406
     412
     374
     420
     400
     400
     428
     377
     387
     382
     334
     345
     387
     346
     322
     365
     383
     378
     335
     337
     365
     328
     322
     335
     331
     313
     321
     312
     310
     324
     310
     319
     334
     337
     328
     334
     339
     352
     323
     316
     310
     303
     324
     304
     305
     307
     316
     321
     285
     336
     312
     322
     329
     287
     274
     285
     321
     317
     293
     333
     290
     320
     312
     302
     311
     274
     344
     319
     361
     335
     330
     310
     331
     348
     298
     326
     330
     329
     319
     319
     321
     330
     363
     336
     334
     352
     350
     329
     348
     333
     331
     336
     342
     291
     300
     333
     313
     265
     294
     243
     236
     247
     250
     261
     258
     237
     243
     257
     256
     252
     269
     253
     258
     235
     257
     240
     268
     240
     231
     261
     248
     252
     225
     262
     274
     274
     240
     253
     253
     246
     224
     252
     234
     264
     244
     231
     233
     236
     256
     231
     221
     218
     247
     244
     214
     264
     230
     212
     236
     233
     239
     231
     207
     216
     239
     230
     228
     214
     234
     217
     224
     227
     223
     213
     205
     219
     212
     212
     206
     214
     212
     219
     231
     226
     207
     217
     199
     191
     202
     214
     224
     190
     201
     217
     220
     219
     207
     216
     220
     211
     208
     217
     200
     221
     232
     205
     256
     227
     209
     206
     245
     230
     227
     191
     256
     210
     229
     219
     221
     196
     182
     210
     180
     179
     202
     197
     209
     222
     182
     208
     208
     193
     191
     195
     180
     214
     218
     224
     219
     188
     185
     201
     184
     197
     189
     183
     188
     200
     188
     178
     176
     180
     181
     205
     174
     183
     184
     167
     176
     144
     157
     179
     176
     154
     186
     154
     170
     180
     195
     183
     174
     157
     175
     147
     173
     196
     171
     176
     172
     183
     155
     174
     143
     167
     182
     167
     151
     143
     145
     169
     170
     158
     167
     138
     168
     181
     178
     155
     173
     161
     155
     151
     174
     156
     159
     182
     164
     174
     161
     163
     150
     160
     167
     171
     158
     158
     174
     139
     148
     131
     161
     147
     170
     141
     158
     139
     142
     150
     130
     121
     128
     157
     142
     122
     133
     131
     139
     156
     137
     123
     139
     132
     111
     125
     132
     129
     130
     131
     123
     134
     128
     128
     128
     112
     131
     119
     107
     110
     117
     121
     115
     112
     100
     104
     114
      98
     100
     112
     111
     106
      96
     101
      90
     102
     109
     127
     110
     130
     105
     125
     123
     115
     123
     129
     137
     152
     141
     168
     165
     184
     194
     204
     197
     210
     252
     267
     238
     268
     260
     280
     335
     301
     358
     366
     335
     356
     409
     353
     366
     388
     401
     404
     396
     366
     424
     377
     401
     363
     366
     323
     364
     326
     305
     308
     281
     305
     273
     280
     263
     239
     227
     194
     192
     199
     174
     148
     153
     147
     156
     110
     114
     128
     124
     126
      96
     105
     100
      95
      98
      89
      92
      90
      74
      85
      79
      89
      66
      72
      66
      76
      55
      52
      52
      51
      70
      66
      54
      44
      53
      40
      48
      57
      53
      50
      49
      41
      50
      57
      51
      52
      47
      49
      47
      45
      51
      30
      51
      33
      49
      34
      50
      49
      41
      50
      47
      47
      31
      60
      43
      53
      50
      48
      38
      51
      45
      42
      47
      38
      44
      54
      41
      54
      45
      47
      41
      40
      44
      39
      44
      35
      42
      41
      36
      36
      47
      48
      46
      47
      41
      39
      41
      38
      36
      34
      41
      35
      41
      42
      39
      34
      35
      25
      31
      34
      37
      37
      24
      38
      28
      30
      33
      27
      30
      42
      37
      36
      32
      35
      25
      33
      29
      26
      40
      34
      31
      29
      23
      28
      37
      25
      31
      35
      22
      39
      27
      36
      32
      23
      31
      24
      27
      29
      34
      22
      35
      30
      28
      34
      18
      29
      31
      28
      30
      25
      24
      22
      15
      20
      32
      34
      20
      22
      31
      25
      17
      28
      34
      32
      25
      23
      28
      29
      28
      24
      23
      26
      26
      35
      20
      39
      24
      37
      17
      23
      25
      17
      24
      27
      22
      26
      27
      27
      19
      19
      32
      29
      32
      19
      26
      31
      30
      36
      33
      23
      28
      37
      22
      24
      23
      22
      24
      27
      38
      28
      20
      27
      30
      25
      19
      25
      18
      28
      29
      24
      18
      19
      30
      17
      20
      27
      31
      29
      22
      21
      26
      23
      31
      20
      31
      19
      14
      21
      14
      13
      20
      25
      26
      18
      24
      20
      22
      23
      28
      25
      25
      21
      21
      32
      25
      29
      24
      27
      18
      24
      26
      25
      20
      15
      20
      22
      24
      18
      20
      20
      16
      23
      20
      27
      16
      19
      16
      19
      22
      26
      21
      21
      23
      22
      25
      21
      25
      27
      17
      22
      22
      17
      19
      14
      20
      20
      16
      19
      28
      21
      21
      30
      24
      20
      28
      22
      26
      21
      26
      30
      28
      28
      35
      28
      30
      19
      32
      32
      16
      31
      27
      29
      29
      26
      27
      23
      24
      28
      27
      27
      32
      38
      33
      33
      22
      23
      29
      30
      30
      32
      30
      26
      29
      28
      34
      34
      29
      26
      34
      18
      33
      25
      32
      22
      29
      26
      18
      24
      33
      22
      28
      24
      14
      23
      22
      19
      30
      30
      24
      27
      21
      24
      24
      24
      26
      33
      18
      23
      21
      25
      12
      20
      16
      18
      29
      26
      18
      29
      22
      26
      20
      26
      20
      29
      19
      15
      21
      26
      24
      18
      21
      20
      25
      24
      20
      29
      17
      23
      25
      20
      20
      21
      24
      21
      26
      25
      26
      12
      21
      26
      24
      19
      15
      19
      22
      22
      20
      26
      27
      22
      24
      20
      21
      25
      13
      27
      26
      19
      21
      14
      23
      14
      26
      20
      26
      21
      17
      26
      23
      25
      24
      20
      16
      28
      15
      18
      19
      29
      26
      17
      30
      23
      23
      18
      14
      23
      23
      18
      18
      22
      18
      22
      20
      13
      24
      11
      15
      18
      19
      14
      20
      22
      18
      30
      17
      17
      19
      12
       0
       0
       0
       0
       0
       0
       0
       0
       0
       0
       0
       0
       0
       0
       0
       0