$SPEC_ID:
FILENAME# STND-NGRBACK_WRND477861_20230621234426_NaI 6.SPE
$SPEC_REM:
DET# 6
TYPE: BACKGROUND
LABEL_ID# STND-NGRBACK
TEXT_ID# WRND477861
LENGTH cm# 150
OFFSET cm# 143.2
TRAY# titanium
DETDESC# ASPEC 927, SN 06341987, Version 0927-002, NaI
AP# IMS 14.0
$DATE_MEA:
06/21/2023 23:44:26
$MEAS_TIM:
21600.000 21607.120
$DATA:
0 1023
       0
       0
       0
       0
       0
       0
       0
       0
       0
     750
    1100
    1323
    1370
    1119
     781
     592
     596
     612
     638
     686
     920
    1138
    1317
    1415
    1164
    1058
     975
     877
     755
     756
     730
     654
     704
     686
     666
     607
     596
     577
     567
     604
     561
     613
     560
     571
     630
     625
     595
     671
     605
     614
     673
     630
     624
     585
     567
     472
     505
     502
     499
     438
     457
     428
     430
     418
     477
     462
     481
     506
     504
     524
     532
     538
     557
     545
     549
     507
     535
     543
     528
     548
     514
     514
     505
     510
     517
     518
     536
     513
     531
     482
     491
     471
     436
     462
     426
     416
     424
     436
     428
     416
     352
     383
     399
     389
     369
     380
     349
     387
     365
     388
     353
     347
     311
     337
     311
     348
     334
     318
     301
     336
     308
     322
     293
     300
     332
     358
     335
     330
     314
     342
     295
     342
     323
     338
     320
     312
     325
     327
     332
     317
     299
     319
     313
     313
     337
     300
     299
     313
     309
     286
     324
     359
     331
     341
     267
     315
     301
     334
     316
     305
     374
     349
     351
     339
     347
     307
     351
     345
     350
     331
     361
     340
     352
     341
     352
     317
     322
     333
     291
     321
     339
     329
     291
     265
     287
     294
     269
     260
     297
     249
     246
     270
     257
     274
     261
     254
     255
     258
     262
     273
     251
     278
     257
     265
     232
     256
     278
     245
     309
     258
     250
     251
     246
     269
     252
     259
     260
     247
     230
     279
     287
     260
     241
     247
     248
     252
     263
     244
     231
     243
     262
     240
     221
     233
     225
     209
     199
     214
     272
     237
     233
     220
     206
     221
     202
     216
     227
     218
     229
     242
     225
     215
     213
     214
     234
     235
     204
     207
     228
     224
     215
     196
     229
     208
     221
     223
     230
     228
     213
     222
     209
     209
     233
     241
     196
     239
     231
     236
     205
     209
     201
     209
     207
     224
     213
     226
     226
     227
     212
     253
     218
     207
     223
     217
     188
     202
     192
     218
     198
     211
     229
     204
     213
     204
     213
     188
     195
     179
     213
     204
     154
     192
     194
     190
     182
     200
     185
     207
     163
     194
     193
     185
     201
     203
     171
     194
     231
     189
     181
     200
     189
     194
     180
     195
     171
     185
     171
     174
     174
     193
     160
     174
     177
     185
     156
     168
     167
     169
     172
     187
     178
     143
     160
     199
     150
     184
     172
     177
     175
     170
     140
     147
     158
     189
     163
     153
     162
     167
     166
     172
     193
     175
     139
     167
     171
     175
     176
     169
     180
     147
     152
     160
     174
     190
     167
     164
     159
     174
     168
     138
     148
     151
     139
     149
     166
     162
     142
     155
     161
     151
     158
     143
     139
     158
     135
     144
     163
     166
     117
     125
     138
     116
     152
     132
     135
     127
     142
     133
     132
     113
     119
     146
     117
     123
     122
     133
     116
     111
     104
     120
     116
     133
     109
     117
     115
     109
     108
     119
     100
     120
     122
     109
     110
     127
     107
     106
      96
     107
      93
      95
     110
     109
     107
      98
     126
     125
     122
     126
     128
     133
     136
     110
     123
     138
     172
     145
     178
     181
     178
     196
     194
     213
     222
     220
     233
     228
     242
     287
     261
     275
     300
     282
     280
     279
     304
     305
     318
     282
     296
     287
     315
     284
     282
     277
     316
     275
     280
     287
     287
     266
     305
     257
     291
     257
     275
     301
     257
     252
     243
     251
     255
     222
     220
     222
     232
     219
     213
     210
     202
     167
     180
     179
     177
     162
     154
     167
     136
     123
     128
     126
     100
     109
      97
      96
      90
      83
      97
      88
      72
      71
      82
      83
      66
      59
      55
      55
      69
      63
      66
      53
      46
      59
      47
      58
      53
      55
      54
      49
      44
      51
      64
      46
      52
      42
      55
      52
      45
      45
      49
      64
      50
      44
      61
      52
      39
      57
      41
      51
      43
      33
      36
      39
      45
      36
      40
      38
      45
      52
      39
      48
      35
      55
      42
      43
      41
      42
      41
      46
      48
      39
      34
      45
      45
      36
      43
      34
      49
      36
      36
      37
      45
      36
      42
      49
      31
      24
      44
      31
      34
      33
      32
      41
      33
      42
      37
      33
      34
      35
      37
      27
      30
      32
      36
      38
      30
      31
      32
      28
      33
      26
      28
      31
      25
      34
      38
      32
      31
      39
      36
      39
      28
      30
      29
      30
      26
      32
      40
      27
      30
      22
      22
      28
      25
      41
      20
      40
      30
      38
      21
      27
      22
      25
      20
      38
      24
      29
      16
      30
      29
      24
      27
      29
      33
      28
      33
      36
      32
      30
      44
      20
      33
      35
      28
      30
      20
      18
      21
      31
      21
      36
      24
      33
      22
      24
      24
      26
      30
      29
      18
      20
      36
      21
      27
      36
      25
      29
      24
      36
      27
      25
      22
      27
      29
      22
      19
      37
      25
      25
      24
      28
      33
      31
      17
      33
      21
      26
      29
      32
      20
      26
      22
      28
      21
      34
      27
      28
      31
      30
      21
      29
      30
      23
      34
      21
      30
      23
      28
      31
      24
      19
      26
      34
      30
      25
      24
      25
      25
      29
      19
      16
      21
      19
      21
      22
      25
      28
      23
      38
      27
      28
      24
      30
      22
      33
      27
      22
      32
      25
      23
      32
      27
      28
      32
      26
      24
      28
      28
      20
      28
      18
      31
      36
      16
      32
      34
      29
      26
      16
      26
      29
      23
      21
      32
      29
      25
      27
      20
      30
      15
      25
      23
      21
      20
      27
      20
      29
      35
      33
      31
      31
      32
      36
      28
      27
      36
      15
      32
      24
      37
      28
      31
      29
      32
      29
      31
      32
      18
      24
      30
      40
      28
      26
      33
      23
      31
      23
      24
      34
      26
      31
      31
      23
      32
      27
      30
      25
      35
      23
      29
      28
      21
      26
      37
      23
      33
      28
      28
      24
      23
      20
      23
      25
      33
      22
      33
      19
      32
      23
      25
      30
      32
      34
      28
      29
      29
      29
      18
      22
      27
      22
      32
      26
      25
      24
      27
      42
      31
      33
      19
      19
      23
      28
      25
      23
      26
      22
      23
      20
      23
      19
      26
      26
      32
      22
      31
      24
      25
      35
      25
      22
      25
      25
      24
      34
      22
      29
      27
      26
      33
      22
      18
      19
      17
      22
      19
      18
      27
      19
      19
      26
      25
      27
      20
      24
      24
      23
      32
      28
      27
      23
      27
      12
      41
      19
      22
      31
      25
      23
      29
      33
      18
      25
      14
      21
      17
      25
      20
      23
      34
      22
      20
      36
      19
      22
      16
      25
      19
      21
      26
      19
      26
      24
      31
      15
      20
      25
      25
      17
      24
      23
      21
      20
      23
      26
      28
      24
      15
      21
       0
       0
       0
       0
       0
       0
       0
       0
       0
       0
       0
       0
       0
       0
       0
       0