$SPEC_ID:
FILENAME# STND-NGRBACK_WRND477861_20230621234426_NaI 2.SPE
$SPEC_REM:
DET# 2
TYPE: BACKGROUND
LABEL_ID# STND-NGRBACK
TEXT_ID# WRND477861
LENGTH cm# 150
OFFSET cm# 63.2
TRAY# titanium
DETDESC# ASPEC 927, SN 7022362, Version 0927-002, NaI
AP# IMS 14.0
$DATE_MEA:
06/21/2023 23:44:26
$MEAS_TIM:
21600.000 21659.460
$DATA:
0 1023
       0
       0
       0
       0
       0
       0
       0
       0
       0
      21
    1141
    1316
    1127
     752
     521
     526
     492
     456
     550
     640
     958
    1264
    1362
    1187
     994
     851
     772
     677
     612
     564
     618
     624
     556
     606
     556
     555
     450
     478
     462
     454
     469
     480
     490
     463
     477
     452
     406
     430
     439
     393
     387
     398
     341
     353
     312
     301
     330
     336
     312
     318
     334
     299
     311
     317
     380
     397
     370
     418
     418
     462
     515
     509
     482
     474
     450
     501
     478
     459
     451
     428
     432
     408
     411
     393
     382
     363
     356
     392
     355
     343
     342
     326
     337
     308
     327
     261
     302
     295
     302
     286
     293
     258
     295
     285
     270
     264
     261
     248
     251
     289
     267
     237
     257
     246
     247
     238
     266
     254
     252
     256
     273
     266
     240
     271
     241
     267
     239
     260
     260
     245
     237
     240
     241
     234
     282
     234
     248
     227
     214
     208
     226
     221
     235
     236
     235
     259
     249
     249
     222
     216
     263
     258
     222
     258
     275
     266
     279
     255
     273
     276
     250
     276
     249
     260
     286
     281
     262
     278
     284
     263
     319
     294
     269
     281
     264
     301
     275
     253
     233
     245
     233
     216
     225
     218
     225
     226
     197
     195
     226
     210
     217
     199
     202
     180
     189
     199
     206
     191
     203
     211
     215
     201
     207
     192
     202
     196
     206
     212
     216
     199
     208
     213
     209
     211
     229
     210
     209
     189
     226
     192
     213
     217
     181
     197
     201
     178
     201
     212
     188
     194
     182
     208
     181
     178
     192
     184
     209
     178
     219
     203
     161
     179
     165
     196
     181
     177
     199
     192
     147
     154
     190
     150
     169
     206
     141
     180
     191
     146
     150
     180
     161
     174
     181
     165
     150
     189
     160
     185
     161
     186
     151
     180
     186
     190
     169
     171
     188
     182
     157
     204
     192
     198
     173
     206
     172
     156
     157
     179
     154
     160
     155
     156
     151
     185
     152
     150
     161
     166
     176
     193
     142
     153
     128
     166
     162
     189
     154
     157
     155
     150
     154
     151
     145
     144
     138
     164
     135
     135
     149
     142
     147
     163
     156
     145
     120
     157
     142
     146
     159
     131
     153
     148
     123
     109
     124
     120
     136
     158
     133
     164
     111
     119
     123
     124
     123
     128
     145
     134
     126
     130
     100
     131
      98
     129
      99
     137
     111
     108
     137
     124
     114
     102
     122
     122
     111
     123
     138
     101
     110
     124
     116
     136
     122
      97
     131
     140
     110
     115
     104
     106
     104
     119
     101
     113
     102
     134
     110
      94
     101
     123
     107
     111
     105
     105
      93
      98
     101
     102
     108
      90
     104
     106
      91
     103
      97
      89
      97
     110
     104
      89
      78
      81
     104
     111
      78
     102
      94
     103
     101
      83
      92
      97
      99
      82
      89
      90
      89
      91
      78
      83
      99
     112
      89
      99
     112
      77
      73
     101
      89
      79
      83
     101
     101
      70
      83
      89
     100
     111
      85
      97
      84
      90
      89
      88
      91
      92
      83
      91
      91
      79
      94
      95
      83
      84
      88
      75
     105
      72
      85
      75
      93
      95
      91
      92
      80
     111
     109
      86
      78
      96
      86
      82
      96
      96
      94
      90
      88
      73
     104
      80
      82
      85
      85
      96
      84
      95
      96
      82
      83
      91
      73
      78
      64
      90
      75
      77
      82
      73
      75
      88
      70
      68
      86
      73
      69
      53
      64
      67
      65
      79
      64
      70
      58
      62
      68
      66
      40
      52
      54
      60
      60
      66
      59
      61
      73
      46
      53
      44
      51
      45
      52
      50
      56
      52
      46
      41
      44
      46
      43
      44
      54
      47
      47
      56
      45
      54
      59
      49
      41
      47
      48
      42
      40
      53
      56
      42
      48
      49
      42
      46
      51
      35
      56
      50
      45
      56
      50
      35
      39
      40
      41
      41
      34
      56
      39
      40
      36
      48
      35
      42
      51
      46
      46
      37
      37
      43
      39
      34
      28
      36
      35
      45
      40
      28
      41
      40
      36
      38
      47
      37
      29
      40
      38
      28
      35
      30
      29
      34
      28
      32
      36
      28
      36
      39
      30
      26
      22
      33
      30
      35
      26
      31
      29
      32
      39
      33
      34
      32
      36
      33
      26
      33
      38
      35
      34
      40
      36
      25
      30
      28
      38
      34
      33
      29
      33
      30
      33
      23
      20
      30
      30
      34
      15
      19
      28
      37
      27
      34
      28
      32
      33
      36
      28
      22
      32
      40
      40
      30
      36
      33
      28
      31
      37
      30
      26
      33
      27
      43
      32
      36
      28
      36
      36
      24
      29
      33
      29
      35
      29
      34
      23
      30
      34
      18
      23
      30
      24
      29
      37
      32
      38
      28
      26
      27
      26
      24
      34
      25
      34
      24
      35
      28
      37
      23
      37
      25
      19
      23
      23
      33
      35
      25
      34
      28
      27
      30
      26
      24
      21
      31
      43
      40
      24
      27
      32
      23
      26
      28
      34
      33
      16
      34
      36
      33
      27
      26
      31
      25
      28
      30
      23
      25
      27
      25
      15
      41
      24
      34
      27
      31
      34
      29
      22
      36
      29
      17
      26
      28
      26
      27
      22
      25
      28
      34
      22
      27
      35
      37
      31
      18
      34
      25
      22
      29
      27
      38
      43
      32
      31
      26
      24
      23
      27
      31
      30
      26
      22
      20
      27
      30
      20
      20
      25
      24
      26
      31
      30
      27
      28
      23
      27
      25
      30
      21
      22
      34
      30
      24
      16
      33
      35
      41
      37
      21
      36
      28
      25
      23
      24
      28
      31
      26
      28
      26
      22
      22
      28
      31
      28
      25
      31
      29
      32
      33
      33
      34
      34
      27
      23
      20
      26
      24
      28
      21
      22
      13
      18
      22
      34
      23
      20
      26
      30
      20
      26
      22
      21
      27
      37
      25
      29
      30
      21
      18
      22
      23
      15
      30
      15
      24
      21
      22
      27
      22
      20
      31
      23
      25
      22
      21
      24
      28
      26
      21
      22
      20
      19
      22
      13
      20
      17
      21
      31
      22
       9
      24
      23
      12
      22
      21
      22
      24
      19
      14
      16
      16
      17
      21
      17
      17
      24
      22
      21
      33
      25
      25
      22
      23
       8
      28
      10
      23
      17
      20
      14
      30
      16
      23
      21
      22
      19
      10
      21
      15
      24
      24
      14
      18
      18
      14
      24
      17
      20
      15
      12
      12
      20
      15
      15
      19
      22
      23
      18
      20
      15
      14
      17
      17
      23
      13
      10
      20
      18
      12
      19
      15
      19
      12
      11
      19
      21
      15
      17
      21
      14
      16
      17
      20
      18
       9
      20
      17
      16
      16
      14
      13
      11
      17
       0
       0
       0
       0
       0
       0
       0
       0
       0
       0
       0
       0
       0
       0
       0
       0