* Time       : 1693611231											
* Hole ID    : 1603E01											
* Serial No  : MI5-2043											
* Declination: 0.000											
* Client     : IODP											
* Site       : X400											
* Date       : 23/8/23 19:42											
* Operator   : Roth											
* Comment    : 											
* Collar East: 0.00											
* Collar Nor.: 0.00											
* Collar Elv.: 0.00											
* Flags      : yyny											
* Planned Dip: 0.0											
* Planned Az.: 0.0											
HoleID  	 Time    	    Depth	     Dip	   Azim.	   Temp	  Tool-M	  MagnMag	 DipMag	   Mag-X 	   Mag-Y 	  Accel
1.60E+04	 2:34:50 AM	-1	-52.8	51.7	20	17.9	39666.7	-63	-499	-18846.3	0.9219
1.60E+04	 2:35:10 AM	0	0.7	19.3	20	0	31191.6	-62.1	-19356.6	-20420.5	1
1.60E+04	 4:41:40 AM	1	-89.8	314.2	2.2	147.9	91632.1	-86.3	-4683.9	-3234.5	0.9994
1.60E+04	 4:42:00 AM	2	-89.7	337.4	2.2	147.8	91775.9	-86.2	-4717.2	-3158.4	0.9983
1.60E+04	 4:42:20 AM	3	-89.8	352.3	2.2	145.1	91773.5	-86.3	-4637.1	-3288.8	0.9996
1.60E+04	 4:42:40 AM	4	-89.8	5.2	2.2	144.6	91774.3	-86.3	-4622	-3249.3	0.9999
1.60E+04	 4:43:00 AM	5	-89.7	320.2	2.2	147.5	91766.2	-86.2	-4695	-3329.3	0.9997
1.60E+04	 4:43:20 AM	6	-89.8	6.7	1.9	146.4	91768.3	-86.2	-4762.1	-3121.8	0.9999
1.60E+04	 4:43:40 AM	7	-89.8	5	1.9	145.6	91774	-86.2	-4677.3	-3160.3	0.9995
1.60E+04	 5:38:30 AM	8	-88.3	52.1	0.3	335.9	91935.6	-85.8	5514.3	134.4	0.9999
1.60E+04	 5:38:50 AM	9	-88.3	51.3	0.6	335.6	91940.6	-85.8	5498.6	204.2	0.9998
1.60E+04	 5:39:10 AM	10	-88.4	48.5	0.3	337.1	91940	-85.7	5489.9	196.1	0.9998
1.60E+04	 5:39:30 AM	11	-88.3	48.3	0.3	336.7	91937.6	-85.7	5495.9	210.1	0.9998
1.60E+04	 5:39:50 AM	12	-88.2	43.4	0.3	337	91938.6	-85.5	5468.8	145.3	0.9997
1.60E+04	 5:40:10 AM	13	-88.2	44.2	0.3	336.5	91936.6	-85.5	5481.1	187.8	0.9997
1.60E+04	 5:40:30 AM	14	-87.8	43.9	0.3	332.7	91937.8	-85.4	5503.2	152.2	0.9999
1.60E+04	 6:25:30 AM	15	-89.4	225.8	0.6	45.5	94086.8	-86.5	5094.5	-4095.2	0.9996
1.60E+04	 6:25:50 AM	16	-89.4	225.7	0.3	45.6	94110.7	-86.4	5055.9	-4161.9	1
1.60E+04	 6:26:10 AM	17	-89.3	232.7	0.3	48.4	94070.4	-86.5	4963.5	-4218.4	0.9995
1.60E+04	 6:26:30 AM	18	-89.5	231.5	0.3	46.6	94119.7	-86.4	4891.3	-4245.5	0.9998
1.60E+04	 6:26:50 AM	19	-89.4	222.8	0.3	46.7	94083.4	-86.5	4885	-4283.3	0.9996
1.60E+04	 6:27:10 AM	20	-89.3	225.9	0.3	46.9	94068.2	-86.5	5007.2	-4180.3	0.9997
1.60E+04	 6:27:30 AM	21	-89.5	221.9	0.3	46.9	94081.2	-86.4	4809.9	-4325.6	0.9997
1.60E+04	 7:16:40 AM	22	-89.3	292.7	0	271.5	88325.7	-85.7	-775.1	6313.6	0.9998
1.60E+04	 7:17:00 AM	23	-89.4	293.1	0	270.9	88354.4	-85.7	-789.6	6309.1	0.9997
1.60E+04	 7:17:20 AM	24	-89.3	294.6	0	271.4	88449.2	-85.7	-778.8	6301.7	0.9999
1.60E+04	 7:17:40 AM	25	-89.3	289.8	0	271.6	88420.8	-85.7	-775.6	6309.7	0.9999
1.60E+04	 7:18:00 AM	26	-89.3	291.8	0	272	88282.1	-85.7	-712.1	6315.5	0.9993
1.60E+04	 7:18:20 AM	27	-89.3	296	-0.3	272.2	88301	-85.6	-720.3	6336.3	0.9996
1.60E+04	 7:18:40 AM	28	-89.3	291.9	0	270.2	88341.3	-85.7	-917.9	6315.1	0.9998
1.60E+04	 8:10:20 AM	29	-88.9	302.5	0.3	76.6	90773.3	-86.1	2589.6	-4761.8	0.9989
1.60E+04	 8:10:40 AM	30	-88.8	300.1	0.3	77.2	90775.2	-86.1	2730.6	-4711.2	0.9993
1.60E+04	 8:11:00 AM	31	-88.4	289.2	0.3	84.2	90777.4	-86.4	2859.9	-4671.6	0.9999
1.60E+04	 8:11:20 AM	32	-88.9	301.2	0.3	70.3	90777.8	-86.1	3250	-4452.2	0.9998
1.60E+04	 8:11:40 AM	33	-88.8	297.6	0.3	73.9	90781.4	-86.1	3100	-4522.3	0.9999
1.60E+04	 8:12:00 AM	34	-88.9	297.9	0.3	74.3	90773.9	-86.2	2921	-4617.1	0.9999
1.60E+04	 8:12:20 AM	35	-88.9	298.5	0.3	76	90775	-86.2	2771.2	-4681.6	0.9999
1.60E+04	 6:24:10 PM	36	-88.8	244.2	2.8	307.5	92909.4	-86.1	2977.2	6657.9	0.9998
1.60E+04	 6:24:30 PM	37	-88.9	242.5	2.5	306.9	92903	-86.1	2962.9	6655.6	0.9999
1.60E+04	 6:24:50 PM	38	-88.9	251.9	2.5	307.5	92914.5	-86	2940.2	6665.6	0.9995
1.60E+04	 6:25:10 PM	39	-88.9	240.5	2.5	306.1	92913.9	-86.1	2948.5	6653.7	0.9994
1.60E+04	 6:25:30 PM	40	-88.9	244.6	2.2	306.9	92898.6	-86.1	2939.8	6645.2	0.9998
1.60E+04	 6:25:50 PM	41	-88.9	242.1	2.2	306.3	92869.5	-86.1	2922.9	6651.3	0.9998
1.60E+04	 6:26:10 PM	42	-88.9	244	2.2	306.7	92887.1	-86.1	2908.8	6660.9	0.9999
1.60E+04	 7:49:50 PM	43	-88.9	235.6	0.3	66.2	92159.6	-86.6	4016.5	-5365.5	0.9997
1.60E+04	 7:50:10 PM	44	-88.9	237.1	0.3	66.1	92163	-86.6	4057	-5341.6	0.9999
1.60E+04	 7:50:30 PM	45	-88.8	237.8	0.3	69.4	91938.6	-86.6	3800.2	-5511.3	0.9998
1.60E+04	 7:50:50 PM	46	-88.9	237.9	0.6	68.5	91938.5	-86.5	3823.5	-5492.3	0.9995
1.60E+04	 7:51:10 PM	47	-88.9	237.9	0.3	68.2	91959.4	-86.5	3831.8	-5498.1	0.9994
1.60E+04	 7:51:30 PM	48	-88.8	237.1	0	69.1	91923.9	-86.6	3791.7	-5514	1
1.60E+04	 7:51:50 PM	49	-88.8	236.7	0.3	68.8	91921.8	-86.6	3823.3	-5504.1	0.9998
1.60E+04	 7:52:10 PM	50	-88.9	235.6	0	68.1	91939.6	-86.6	3823	-5512.4	0.9998
1.60E+04	 8:48:40 PM	51	-89.1	242.6	-0.3	266.4	92444	-86.2	-1673.8	6616.4	0.9998
1.60E+04	 8:49:00 PM	52	-89.1	250.5	-0.3	268.7	92442.8	-86.2	-1584.4	6658	0.9998
1.60E+04	 8:49:20 PM	53	-89	249.6	-0.3	269	92440.5	-86.2	-1575.6	6669	0.9998
1.60E+04	 8:49:40 PM	54	-89.1	249.9	-0.3	268.8	92437.6	-86.2	-1572.8	6668.8	0.9998
1.60E+04	 8:50:00 PM	55	-89	249.8	-0.3	269	92437.2	-86.2	-1572.9	6663	0.9998
1.60E+04	 8:50:20 PM	56	-89	250.4	-0.3	268.9	92431.5	-86.2	-1578.6	6663.2	0.9998
1.60E+04	 8:50:40 PM	57	-89	249.5	-0.3	269.1	92425.8	-86.2	-1584.2	6663.4	0.9998
1.60E+04	 9:47:00 PM	58	-89.1	258	-0.3	193.3	92511.5	-86.4	-6297.9	47.4	0.9998
1.60E+04	 9:47:20 PM	59	-89.1	258.3	-0.3	193.7	92511.9	-86.4	-6303.6	47.7	0.9998
1.60E+04	 9:47:40 PM	60	-89.1	257.1	-0.3	193.3	92514	-86.4	-6291.9	61.6	0.9998
1.60E+04	 9:48:00 PM	61	-89.1	258.2	-0.3	193.8	92508.8	-86.4	-6300.5	59	0.9998
1.60E+04	 9:48:20 PM	62	-89.1	258.2	-0.3	193.5	92512.3	-86.4	-6309.2	53.7	0.9998
1.60E+04	 9:48:40 PM	63	-89.1	261	-0.3	194.1	92508.5	-86.3	-6294.5	76	0.9998
1.60E+04	 9:49:00 PM	64	-89.1	257.5	-0.6	193.9	92506.3	-86.4	-6306	67.9	0.9998
1.60E+04	 11:26:50 PM	65	-89.1	240.7	0.6	31.5	91891.6	-86.4	6190.2	-2254.8	0.9998
1.60E+04	 11:27:10 PM	66	-89.1	241.8	0.3	31.5	91796.9	-86.4	6162.2	-2246.5	1
1.60E+04	 11:27:30 PM	67	-89	239	0.3	30.8	91758.9	-86.5	6217.9	-2183.9	0.9996
1.60E+04	 11:27:50 PM	68	-89	239.7	0.3	31.2	91888.4	-86.4	6239.5	-2220	0.9995
1.60E+04	 11:28:10 PM	69	-89	243.3	0.3	32.5	91918.4	-86.4	6253.6	-2220.1	0.9999
1.60E+04	 11:28:30 PM	70	-89	242	0.3	31.8	91784.4	-86.4	6196.9	-2225.5	0.9997
1.60E+04	 11:28:50 PM	71	-89.1	233.3	0.3	30.3	91850.1	-86.5	6173	-2263.3	0.9997
1.60E+04	 12:24:50 AM	72	-89.1	240.5	0.3	49.5	91888.5	-86.5	5139.2	-4031.3	0.9998
1.60E+04	 12:25:10 AM	73	-89.1	240.8	0	48.9	91889.6	-86.4	5182.8	-3996	0.9998
1.60E+04	 12:25:30 AM	74	-89	236.8	0.3	43.6	91938.1	-86.5	5606.1	-3547.5	0.9998
1.60E+04	 12:25:50 AM	75	-89.3	236.4	0	41.7	91894.6	-86.3	5553.1	-3632	0.9998
1.60E+04	 12:26:10 AM	76	-89.2	247.3	0	43.5	91900.3	-86.3	5576.7	-3592.8	0.9998
1.60E+04	 12:26:30 AM	77	-89.1	243.7	0	46.2	91891	-86.4	5461.9	-3759.8	0.9998
1.60E+04	 12:26:50 AM	78	-89	230.8	0	43.4	92070.8	-86.6	5645.5	-3549.9	0.9997
1.60E+04	 1:13:00 AM	79	-89.2	240	0.3	261.6	91674.9	-85.8	-2102	7010.6	0.9998
1.60E+04	 1:13:20 AM	80	-89.2	243.9	0.3	261.4	91676.3	-85.8	-2226	6956.4	0.9998
1.60E+04	 1:13:40 AM	81	-89.2	244.4	0.3	260.9	91676.9	-85.8	-2225.8	6965	0.9998
1.60E+04	 1:14:00 AM	82	-89.2	239.8	0	260.7	91682.7	-85.9	-2223	6965	0.9998
1.60E+04	 1:14:20 AM	83	-89.2	242	0.3	261.4	91684.5	-85.9	-2249.1	6943.3	0.9998
1.60E+04	 1:14:40 AM	84	-89.2	238.4	0.3	260.1	91681	-85.9	-2252.1	6934.8	0.9998
1.60E+04	 1:15:00 AM	85	-89.3	234.6	0	259.5	91689.4	-85.9	-2252.2	6932.1	0.9998
1.60E+04	 2:14:20 AM	86	-88.9	191.3	-0.3	197.9	91646.7	-86.9	-6376.9	1696.4	0.9998
1.60E+04	 2:14:40 AM	87	-89.3	244.3	-0.3	199.3	91756.6	-86.4	-6264.1	1106.8	0.9998
1.60E+04	 2:15:00 AM	88	-89.4	243.9	-0.3	198.8	91640.3	-86.3	-6278.7	1200.2	0.9998
1.60E+04	 2:15:20 AM	89	-89.3	243.2	-0.3	199.6	91639.6	-86.4	-6267.3	1202.6	0.9998
1.60E+04	 2:15:40 AM	90	-89.3	244.7	-0.3	200	91637	-86.4	-6273	1199.9	0.9998
1.60E+04	 2:16:00 AM	91	-89.3	246	-0.3	200	91628.2	-86.3	-6273.2	1188.3	0.9998
1.60E+04	 2:16:20 AM	92	-89.3	242.6	-0.3	200.7	91631.1	-86.3	-6287.6	1321.2	0.9998
1.60E+04	 3:11:40 AM	93	-88.9	230.5	-0.3	136.4	92078	-87	-3397.1	-5115.1	0.9998
1.60E+04	 3:12:00 AM	94	-89.2	250	0	134.5	92078.1	-86.5	-3428.1	-5096.3	0.9998
1.60E+04	 3:12:20 AM	95	-89.3	243.8	0	131.5	92286.5	-86.5	-3274	-5194.9	0.9998
1.60E+04	 3:12:40 AM	96	-89.2	243	0	133.1	92112.7	-86.6	-3250.6	-5205	0.9998
1.60E+04	 3:13:00 AM	97	-89.3	247	0	131.7	92276.5	-86.6	-3177.6	-5228.5	0.9998
1.60E+04	 3:13:20 AM	98	-89.3	229.7	-0.3	129.6	92284.8	-86.6	-3246.2	-5233.7	0.9997
1.60E+04	 3:13:40 AM	99	-89.4	245.1	-0.3	130.5	92282	-86.5	-3249.1	-5233.6	0.9997
1.60E+04	 4:05:20 AM	100	-89.4	208.4	0.3	282	92187.7	-86.1	1055.8	7089.7	0.9998
1.60E+04	 4:05:40 AM	101	-89.4	218.2	0.3	283.3	92183.3	-86.1	1038.4	7073.2	0.9998
1.60E+04	 4:06:00 AM	102	-89.3	210.5	0.3	282.6	92189	-86.1	1029.8	7073.8	0.9997
1.60E+04	 4:06:20 AM	103	-89.4	211.4	0.3	282.3	92183	-86.1	1032.6	7070.6	0.9997
1.60E+04	 4:06:40 AM	104	-89.3	222.3	0	284.1	92179.6	-86.1	1026.8	7065.1	0.9998
1.60E+04	 4:07:00 AM	105	-89.4	208.6	0.3	282.2	92176.7	-86.1	1024	7065.2	0.9997
1.60E+04	 4:07:20 AM	106	-89.3	218.7	0	283.9	92179.8	-86.1	1029.7	7067.9	0.9998
