$Core_ID:
0

$Section_ID:
0

$Depth:
  10.0

$Run_ID:
2

$X_Position:
  10.0

$Y_Position:
 -2.0

$Replicate_ID:
0

$Slit_DC:
10.00

$Slit_CC:
12.00

$TotalCPS:
 168809

$SPEC_ID:
  10.0

$USER_ID:

$ACC_VOLT:
  30.0

$TUBE_CUR:
  1.250

$MEAS_TIM:
      6     10

$DATE_MEA:
04-01-2023 09:36:24

$DATA:
      0   2047
       0       0       0       0       0       0       0       0       0       0
       0       0       0       0       0       0       0       1       0       1
       0       2       2       3       8       6      16      22      29      31
      36      64      71      87     118     132     115     142     151     162
     169     185     170     199     183     188     203     198     181     219
     217     205     212     205     218     197     196     203     193     215
     187     194     184     200     210     176     183     182     215     215
     195     176     193     175     185     160     167     170     166     165
     153     161     155     150     168     183     153     162     136     154
     126     115     122     113     118     109     107     108      98      89
      83      90      77      68      88      83      70      70      84      67
      62      63      56      72      57      64      58      57      53      51
      42      58      47      73      80      64      87     104     108     113
     109      97      79      63      51      62      55      64      46      54
      52      61      46      40      61      61      60      52      49      40
      49      56      43      48      38      57      63      99     124     157
     221     268     271     282     261     227     193     156      84     110
      71      87      76     118     187     285     409     623     946    1095
    1303    1433    1293    1191     914     709     527     369     261     191
     172     122     143     160     207     245     262     212     239     189
     159     156     110      73      67      56      53      44      29      30
      31      47      31      47      52      79      75     106     167     191
     220     228     231     202     182     156     141     137     110     108
      87      75      62      55      51      46      46      54      49      70
      87      92      73      75      65      65      59      53      30      49
      35      35      34      39      34      42      40      35      42      47
      38      47      39      48      55      52      67      50      37      47
      39      52      43      41      35      27      26      36      39      35
      33      34      45      51      62      78     104     123     116     125
     127      95     105      85      83      65      58      57      73      79
      71      88     140     175     312     529     889    1531    2772    4096
    6003    7977    9680   10796   11051   10554    9433    7973    6182    4752
    3370    2400    1557    1019     664     479     351     238     189     144
     142     144     138     145     156     128     176     214     293     404
     600     824    1078    1357    1684    1851    1928    1845    1708    1377
    1197     901     690     458     335     235     170     119     118     120
     158     199     267     325     402     463     459     502     470     417
     314     262     207     180     129      99      63      54      30      37
      40      47      32      30      26      32      32      32      42      33
      56      55      64      62      69      76      50      64      75      74
      83      78      93      91     101      97      97      91      85      77
      53      54      42      49      43      45      47      60      54      97
      85     110     116     126     133     130     138      97      75      65
      65      57      43      42      30      40      40      39      31      32
      22      34      22      23      24      27      19      33      47      38
      45      29      60      47      52      39      49      42      47      40
      32      39      38      36      38      30      52      41      39      47
      44      44      40      45      39      29      44      32      28      34
      30      34      32      21      24      23      25      30      33      29
      44      23      25      40      26      23      28      33      28      31
      35      24      34      26      35      20      20      38      37      40
      36      42      43      57      64      58      67      51      58      65
      57      65      42      40      30      30      32      30      33      26
      35      21      27      26      30      21      30      21      26      26
      22      31      38      22      24      24      34      32      22      20
      30      19      25      44      31      45      34      28      32      28
      38      39      23      22      35      33      32      33      37      34
      29      34      36      31      47      55      77      84     101     127
     176     175     223     257     249     222     206     178     166     146
     127     133      56      55      59      50      35      32      37      32
      26      25      30      37      41      26      35      36      35      38
      41      38      47      52      51      54      59      47      55      78
      65      82      66      79      65      76      72      61      77      69
      70      65      69      61      82      62      63      75      85      59
      55      72      65      73      81      94     122     147     216     249
     301     402     466     490     542     582     526     555     525     475
     418     364     301     233     207     146     123     109     122     109
      79      93      81      96      86      73      74      96      89      91
     118     151     160     228     247     340     509     587     687     872
    1068    1118    1151    1254    1197    1187    1026     958     836     710
     604     447     374     310     274     221     207     167     171     164
     133     153     140     166     154     173     133     165     172     168
     164     178     216     187     202     265     240     296     282     332
     343     378     382     357     372     358     336     342     316     315
     297     263     270     263     282     290     236     252     238     233
     267     243     274     274     280     299     307     263     313     348
     315     342     419     502     528     584     664     721     818     893
     970    1041    1035    1041    1084    1039     950     893     851     813
     689     676     661     539     510     509     484     518     470     495
     494     486     497     481     489     481     486     485     514     506
     571     557     542     466     574     552     562     578     603     607
     597     634     653     645     665     649     675     660     625     681
     652     662     619     678     682     677     719     685     710     743
     743     708     704     729     739     787     794     750     769     730
     784     806     795     806     835     837     878     854     872     879
     919     913     930     898     895     955     971    1035     990    1001
    1023    1050    1097    1043    1074    1123    1099    1164    1112    1105
    1164    1136    1108    1179    1145    1122    1213    1253    1186    1234
    1195    1225    1250    1304    1208    1347    1352    1319    1348    1285
    1349    1458    1397    1428    1412    1425    1479    1483    1577    1576
    1545    1573    1610    1653    1656    1687    1769    1870    1815    1886
    1932    1957    2107    2124    2257    2278    2342    2364    2372    2518
    2572    2712    2868    2977    3030    3017    3145    3248    3329    3426
    3421    3506    3671    3641    3779    3798    3852    3808    3862    3781
    3966    3853    3847    3835    3895    3687    3755    3675    3655    3622
    3583    3527    3443    3275    3272    3149    3080    3123    3121    2995
    2962    2726    2737    2669    2555    2623    2491    2392    2393    2310
    2371    2421    2327    2411    2425    2437    2604    2560    2681    2903
    3068    3301    3451    3584    3754    4039    4114    4160    4182    4312
    4191    4158    4181    3977    3634    3510    3242    3112    2976    2800
    2633    2464    2404    2298    2355    2293    2194    2153    2167    2189
    2245    2251    2196    2276    2221    2361    2304    2374    2351    2448
    2445    2458    2468    2491    2597    2494    2658    2774    2714    2722
    2766    2892    2960    3086    3043    3006    2992    3112    3156    3038
    3116    3135    3063    2981    2946    2948    3027    2980    2923    2944
    2946    2840    2974    2987    2878    2811    2937    2825    2929    2888
    2769    2801    2803    2818    2689    2702    2607    2740    2650    2652
    2654    2619    2627    2651    2547    2474    2528    2595    2437    2415
    2343    2366    2345    2370    2304    2241    2273    2199    2188    2163
    2144    2149    2109    2086    2050    1987    2030    1911    1920    1885
    1935    1889    1915    1896    1907    1897    2076    2056    2074    2042
    2088    2164    2096    2151    2151    2032    2005    1844    1778    1667
    1550    1439    1359    1290    1218    1174    1112    1097    1096    1019
     997    1044     995     924     903     934     884     945     864     859
     743     742     720     668     699     665     640     581     543     565
     507     552     530     493     482     524     493     523     495     498
     518     550     529     570     566     532     542     555     520     551
     554     499     464     438     456     440     399     399     430     392
     363     376     361     354     350     317     326     290     291     253
     266     224     192     171     178     135     120     118     101      74
      66      64      48      36      32      20      39      33      37      27
      32      32      31      32      31      32      39      45      28      28
      36      33      38      35      29      46      51      41      40      46
      45      41      40      33      34      32      46      45      46      30
      47      33      36      54      42      54      54      44      43      53
      47      44      52      40      37      42      44      26      40      46
      40      46      41      45      40      37      41      48      42      34
      30      44      46      45      35      36      38      37      32      33
      49      51      23      30      40      34      34      32      27      45
      33      35      41      39      49      46      51      43      43      32
      47      42      40      39      36      27      37      37      47      41
      36      25      41      26      39      30      41      33      26      29
      33      28      28      34      37      34      29      39      25      36
      32      41      30      34      30      38      35      36      41      26
      30      33      48      37      31      37      43      29      33      26
      20      38      45      41      33      27      31      30      24      36
      31      36      44      37      27      30      33      37      32      25
      41      32      22      30      29      36      25      33      33      29
      29      40      27      22      29      30      27      26      23      25
      18      36      27      30      32      31      26      20      22      28
      31      19      21      20      30      13      21      23      33      32
      23      26      22      30      21      30      21      28      23      22
      18      26      20      25      24      27      25      12      17      16
      14      18      13      22      15      18      20       7      12      17
      22      11       7      10      13      14      14      15      15      20
       6      16      20      12      10      14      13      11      13      11
       8      20       8      12      11      10      12       6      11      14
       4      10      11      11       8      10       6      13       5       6
       8       8      13       7      12       8       7       5       5      10
       4       9       6       5       7      10       6       6       7      11
       9       6       9       7       6       3       5       7       2       4
      10       4       3       9       8       4       8       6       9       2
       5       4       3       8       7       7       8       6      11       6
       5       3       4      10       9       6       1       2       4       4
       4       6       7       2      11       8       4       2       6       3
       1       9       3       4       5      12       5       9       4       5
       2       6       6       6       4       4       7       5       5       4
       7      10       7       5       8       5       6       5       4       6
       9       2       3       9      14       7       8       8       6       4
       5       7       1      11       3       7       9      11      14      11
      10       6       8      11       8      10       7       9       9       7
       6       8       7      12      11       7      11       6      10      17
       5      12       7      12       8      15      12       8       9      15
      13       9      11      17      12      13      15      13       7      13
       8      10      17       9      12      10      11      12       4      13
       6       8      13      13      12      12       8      18      17      10
      13       9      12      14       9      11      11      12       7       9
       8      10      12      11      17      16      16      15      12      14
      18      12      11      15      11      18      21      11      18      13
      13      13      13      17      16      18      17      21      17      13
      10      12      11      13      10      17      22      12      11      19
      14      13      10      19      14      17      13      16      16      17
      14      17      23      19      13      12      21      12      13      18
      12      20      32      20      23      18      18      19      15      12
      13      17      16      20      13      22      25      29      16      18
      21      32      21      19      13      15      15      21      17      23
      21      26      18      21      23      26      24      18      16      22
      12      25      25      26      25      25      17      20      19      25
      20      26      26      17      14      16      22      21      32      30
      19      25      19      34      19      18      31      27      39      29
      25      34      18      26      26      31      17      34      23      31
      26      29      31      25      29      24      34      35      27      20
      32      22      34      33      47      41      26      32      27      23
      32      30      24      32      30      34      30      23      36      28
      37      29      27      24      37      41      27      26      26      31
      28      42      31      42      36      42      38      40      35      35
      39      44      35      37      32      35      38      29      40      43
      38      41      50      37      42      37      42      34      45      48
      45      49      44      43      38      50      44      46      45      47
      41      36      41      51      44      39      39      41      36      39
      32      42      42      57      50      44      33      33      38      52
      41      58      60      46      58      43      43      48      46      49
      53      40      42      39      45      39      55      49      55      41
      64      47      63      37      38      28      47      52      52      43
      59      36      36      40      42      47      51      50      49      42
      69      44      41      41      53      32      43      51      47      51
      42      43      45      44      49      51      32      47      35      51
      46      52      38      51      44      47      53      56      37      56
      53      46      43      52      65      52      45      53      49      43
      44      43      58      52      48      48      42      44      44      51
      32      46      45      47      56      47      51      59      60      52
      50      41      42      40      47      49      46      41      47      52
      46      45      48      42      49      45      38      29      49      44
      43      48      39      31      40      36      43      49      45      32
      47      48      44      37      52      52      31      33
